rep,id,eta_rho,eta_K,eta_kappa1,eta_kappa2,eta_theta,eta_X0,eta_Y0
1,0,-0.0502926,-0.00038159,0.00163785,-2.4278e-12,-9.08956e-05,-2.42875e-05,-0.00052824
2,0,-0.0446848,4.68446e-05,0.000789467,-3.10716e-12,0.000569298,0.000163902,-0.00274965
3,0,-0.0679151,7.10938e-05,0.000544113,-3.68235e-12,0.000139741,2.14891e-05,-0.000780769
4,0,-0.0836436,-0.000218036,-0.00215663,-3.71947e-12,-0.000181709,6.66921e-05,0.000327593
5,0,-0.033133,-4.34894e-05,0.000129255,-2.92278e-12,0.000577998,1.58485e-05,-0.00218711
6,0,-0.0706885,7.61777e-05,3.48172e-05,-3.6539e-12,0.000855414,-0.000117873,0.00305851
7,0,-0.0977685,-0.000284082,-0.000332071,-4.91237e-12,0.000149931,-4.23673e-05,0.00232475
8,0,-0.0727643,-8.5886e-06,0.000792235,-3.93673e-12,-0.000124661,-0.00028094,-0.000262046
9,0,-0.0859505,0.00017033,-0.000727107,-4.64823e-12,0.000253608,-5.53765e-05,0.00168862
10,0,-0.088882,0.000387566,0.000780433,-4.11515e-12,-0.000116629,-0.000121059,-0.000767362
1,1,-0.0584452,-0.000105177,0.00112503,1.22179e-12,-1.20715e-05,-9.93537e-05,0.00103765
2,1,-0.0380063,-4.34037e-05,0.000204091,1.82459e-12,0.000241738,6.33797e-05,0.00220125
3,1,-0.0514832,-0.000323977,0.00123487,1.42242e-12,-0.000288488,-5.47313e-05,-0.000454488
4,1,-0.0784651,1.18706e-05,0.000843721,-4.27971e-13,0.000288698,0.000460721,-0.00066671
5,1,-0.0170124,2.96503e-05,-0.000181763,1.32673e-12,0.000373614,0.00021719,-0.0017149
6,1,-0.051349,0.000562202,-0.00081719,6.59188e-13,-0.000219069,3.67954e-06,-0.00280198
7,1,-0.0807896,-0.000121104,-0.000528067,2.14651e-13,-0.000474408,7.93106e-05,0.00109993
8,1,-0.0710798,-0.0002096,-0.000183941,0,0.000159467,-5.09069e-05,0.00290066
9,1,-0.029921,-0.00012675,-0.00160434,7.86795e-13,0.000439852,-0.000151805,-0.00372463
10,1,-0.0181833,0.000435911,0.00115199,1.09495e-12,-0.000734745,-2.10402e-05,-0.00198774
1,2,-0.261213,0.000326119,-0.00159541,6.83288e-12,-0.00035017,0.000254816,-0.000712548
2,2,-0.284748,0.000131464,3.65587e-06,7.3111e-12,0.00059623,0.000159966,0.00223993
3,2,-0.280226,-0.000341006,-0.000118683,6.19761e-12,0.000136148,-4.20846e-05,0.00169104
4,2,-0.321334,-2.67438e-05,0.000185108,8.99744e-13,-0.00028264,1.03557e-05,0.000181081
5,2,-0.316557,2.07791e-05,-0.000191264,3.258e-12,-0.000226892,-7.08809e-06,-0.000251753
6,2,-0.273704,1.59916e-05,1.2153e-05,7.38957e-12,-0.000543079,-0.000128468,-0.000676535
7,2,-0.269366,0.00022503,0.00108722,6.31862e-12,-0.000213028,-4.10008e-05,0.000924727
8,2,-0.263414,-0.000234453,-0.000890725,8.07364e-12,-0.000935117,7.59211e-05,0.000200513
9,2,-0.290723,0.000118574,0.00182407,6.14647e-12,-0.000489338,0.000197024,-0.000491792
10,2,-0.25809,2.31614e-05,0.000495167,5.50579e-12,-8.74929e-05,-3.86941e-05,0.00317149
1,3,-0.411613,-0.000107212,0.00105773,5.71254e-12,-0.000132855,0.000191619,0.00179986
2,3,-0.425436,-0.000130484,0.000503036,4.98096e-12,-0.000724973,0.00032858,0.00177387
3,3,-0.420007,0.000118339,0.000447855,6.94896e-12,0.000427447,7.52048e-05,-0.000741728
4,3,-0.406065,8.00782e-05,-0.000290336,8.84782e-12,4.90758e-05,0.000248242,-0.000554801
5,3,-0.383109,0.000133475,6.44207e-05,8.75654e-12,-0.000177804,0.000247088,0.00198153
6,3,-0.411677,7.83394e-05,-0.000814713,6.66002e-12,9.44268e-06,-0.000188448,0.00312266
7,3,-0.380718,0.000258052,0.0012401,9.75521e-12,-6.55252e-05,0.000234169,-0.00173819
8,3,-0.36371,1.68951e-05,0.00123696,1.00506e-11,-0.000644012,-0.00010976,-0.00193737
9,3,-0.300192,0.000164755,-0.000740592,1.28192e-11,0.000146647,-0.000279553,-0.000974852
10,3,-0.421844,2.7192e-05,-0.0016234,7.97582e-12,-2.33855e-05,-4.70982e-05,8.82992e-05
1,4,0.104415,-8.43382e-05,-0.000727242,-9.75615e-12,-6.31017e-05,-0.000139012,0.00035977
2,4,0.0813268,-3.39381e-05,0.000500886,-1.01942e-11,0.000309453,-3.52863e-05,-0.00119303
3,4,0.0876087,0.000365536,-5.63607e-06,-1.09364e-11,0.000766031,-3.68081e-05,5.99767e-05
4,4,0.0986795,-0.000493207,0.000136855,-1.02435e-11,-0.000440737,0.000316257,0.000739937
5,4,0.113395,0.000120889,0.000167733,-1.06181e-11,-0.000157529,0.000161367,0.0006627
6,4,0.0912664,-0.000421048,0.000664592,-1.09303e-11,-9.42997e-05,-3.99699e-05,0.000925237
7,4,0.101029,0.000310676,0.000759376,-1.01007e-11,5.04852e-05,-3.57974e-05,-0.000386251
8,4,0.165224,-0.00021447,-0.000713025,-1.06065e-11,-1.78214e-05,0.00016745,-1.09589e-05
9,4,0.122941,0.0002279,0.00177195,-1.07544e-11,0.000554307,0.000156638,0.000402846
10,4,0.126915,-0.000134479,-0.000232575,-1.07732e-11,0.000583404,-0.000256007,-0.00018417
1,5,0.497777,-9.85526e-05,0.000553244,-3.55625e-12,0.000208222,0.000200589,0.000140862
2,5,0.510045,-3.05972e-05,-0.000558602,-2.45916e-12,0.000225726,-0.000360724,-0.00182126
3,5,0.538808,-0.000221762,8.21314e-05,-3.38911e-12,0.000328744,-8.75891e-05,4.9257e-05
4,5,0.495546,0.000352755,-0.00159317,-2.6983e-12,-0.000445575,-8.80253e-05,-0.000681875
5,5,0.466705,0.00017182,-0.000471383,-2.33833e-12,-0.000484948,-2.71086e-05,0.00279451
6,5,0.505098,0.000109598,-0.000709288,-2.80153e-12,1.13874e-05,0.000214662,0.00112809
7,5,0.564365,-0.000112788,0.000117531,-3.61344e-12,0.00087122,5.82569e-05,0.00116095
8,5,0.506264,0.000369376,0.00031916,-2.36019e-12,-9.4968e-05,0.000118872,0.00195072
9,5,0.488046,1.69656e-05,-0.000847568,-2.93745e-12,0.000334876,3.40416e-05,-0.000439221
10,5,0.489072,-0.000381514,0.000508045,-3.51455e-12,-0.000478484,-0.000241543,0.00320867
1,6,0.038675,-0.000105728,-0.00082168,0,-2.71461e-05,8.72894e-05,-0.00306232
2,6,0.0999022,5.98572e-05,0.000465941,1.6704e-12,5.87287e-05,0.000206048,9.74771e-05
3,6,0.0352341,-5.09872e-05,-0.000860224,1.19808e-12,0.000640184,0.000335157,0.000990899
4,6,0.0513703,0.000167994,0.000454444,1.13808e-12,0.000379522,-1.40487e-06,0.00110025
5,6,0.06115,0.000484148,-0.000882491,2.14873e-12,0.000295149,7.84517e-06,-0.0021855
6,6,0.0373797,0.000238359,-0.00012167,2.51905e-12,0.000150401,4.39458e-06,-0.00366327
7,6,0.0675063,0.00010271,0.000861272,7.56748e-13,-0.000567595,5.4718e-05,-0.000782436
8,6,0.0654779,0.00025367,-0.00129962,8.4662e-13,-0.000185416,-0.000102958,-0.00129107
9,6,0.0329285,-0.000143872,0.000617915,9.87026e-13,0.00041398,-1.21232e-05,0.000705777
10,6,0.0621417,-4.96513e-05,0.000389936,1.7362e-12,0.000431378,1.26101e-05,0.00117355
1,7,-0.141455,-0.000198597,-0.00110706,-1.19759e-11,3.05394e-05,0.000225609,-0.00146779
2,7,-0.146465,9.98047e-06,-0.000716103,-1.39883e-11,-0.000610842,3.35491e-05,0.00138147
3,7,-0.0717075,6.71667e-05,0.000920303,-8.56363e-12,-0.00026847,0.000163752,-0.000680688
4,7,-0.116281,-0.000372366,0.00121839,-1.08558e-11,0.000319125,5.46414e-05,0.00189244
5,7,-0.122616,0.00019928,-0.00141518,-1.13311e-11,-0.000107794,0.00021503,-0.00270235
6,7,-0.169436,0.0001992,-0.00137248,-1.44123e-11,-0.000236493,-1.16048e-05,-0.00116564
7,7,-0.139459,0.000371723,-0.000738788,-1.24093e-11,0.000119356,0.000121286,5.54694e-05
8,7,-0.124995,-0.000296758,-0.000244596,-1.16212e-11,-0.000411287,-0.000108898,-5.9782e-05
9,7,-0.095826,-9.74803e-05,-0.00182831,-9.85727e-12,-0.000627801,2.82472e-05,-0.00152588
10,7,-0.119498,-0.000150119,8.84714e-05,-1.15093e-11,0.000310152,4.80942e-05,-0.00152454
1,8,0.32537,-0.000202836,-0.00110068,-4.04524e-13,0.000180814,-0.000226676,0.00292746
2,8,0.351293,-6.60667e-05,-1.30075e-05,-8.83487e-13,-0.000305939,-0.00010992,-0.00105345
3,8,0.309517,-0.000118259,0.000102272,4.63152e-13,-0.000646059,0.000164555,0.0050568
4,8,0.298011,2.10892e-05,-0.000639259,0,-0.000335778,-0.000304012,-0.000152699
5,8,0.36518,3.59922e-05,-0.00117906,-1.73323e-12,2.55417e-05,-5.62402e-05,0.00162418
6,8,0.339619,-0.000244021,0.00231669,-1.15074e-12,0.000977495,0.000124577,-0.00210422
7,8,0.28747,9.3662e-05,0.000712136,-1.97679e-12,0.000303213,0.000148382,8.97642e-05
8,8,0.287252,0.000306036,-0.00071414,-1.33768e-13,-0.000750159,-4.98935e-05,0.00151932
9,8,0.284329,6.26449e-05,-0.000351553,-1.37126e-12,-7.45786e-06,-0.000320227,-0.00260662
10,8,0.311629,-7.17273e-05,-0.000497164,-9.82119e-13,-0.000421576,-5.46545e-05,-0.00023826
1,9,0.16598,-0.000171651,-7.92982e-05,-3.41071e-12,-0.000382497,-3.06805e-05,-0.00123012
2,9,0.187737,0.000167417,-0.000546037,-4.2675e-12,0.00014783,0.00014876,-0.00126759
3,9,0.152534,-0.00041641,-0.000430198,-3.30121e-12,0.000339183,5.00289e-05,0.00264975
4,9,0.167308,4.62991e-05,-0.000406637,-3.10925e-12,-0.000550197,0.000364029,-0.000215602
5,9,0.213485,-0.000173223,0.00102172,-3.60762e-12,-0.000378534,-7.78896e-05,2.99102e-05
6,9,0.153373,0.000161743,4.93109e-05,-3.80269e-12,-0.000558963,7.25493e-05,0.00156324
7,9,0.157494,5.3012e-05,-0.00113405,-3.55979e-12,0.000258747,0.000163684,0.0011866
8,9,0.164408,2.05029e-05,3.86982e-05,-3.71286e-12,-8.26298e-05,-0.000321236,-0.00121341
9,9,0.164024,-2.14658e-05,0.000897313,-4.14845e-12,0.000335371,0.000305408,0.00117747
10,9,0.19008,-0.00010044,-0.00146875,-4.12492e-12,-0.00012799,-0.000110189,0.000358572
1,10,-0.100648,1.86285e-05,0.000879509,3.9687e-12,2.54718e-05,-6.01736e-05,0.000990373
2,10,-0.0240042,0.000129305,0.000265338,4.54206e-12,0.000283846,-0.000150525,0.000731054
3,10,-0.0735198,3.3757e-05,0.000583223,2.28144e-12,-0.000632701,-1.62175e-05,-0.00228839
4,10,-0.0875766,0.000266762,0.000341195,3.08853e-12,-0.000361246,-3.27615e-06,0.00155712
5,10,-0.0936252,4.20715e-05,0.0012108,3.97648e-12,-8.49831e-05,-0.000130304,-0.00044895
6,10,-0.0757868,-1.89418e-05,0.000554496,2.48928e-12,-0.000286877,8.53713e-05,0.00193561
7,10,-0.0793255,0.000192507,0.0011159,3.8122e-12,-9.39505e-05,-4.30145e-06,0.00126986
8,10,-0.0676344,-0.000207311,-0.000595136,3.09337e-12,0.000319106,-0.00023628,0.00168186
9,10,-0.116377,5.12323e-05,0.00230739,1.06891e-12,-0.000674742,-4.91728e-05,-0.00190475
10,10,-0.0764755,8.32405e-05,0.000453666,2.23373e-12,-0.000399478,0.000378826,0.00238278
1,11,-0.121727,2.22653e-05,-0.00179188,-1.34334e-11,0.000373124,7.71928e-05,-0.00149587
2,11,-0.137282,-0.00030303,0.000966056,-1.40458e-11,-0.000378723,0.00022594,-8.40835e-05
3,11,-0.200293,5.3269e-05,0.000565504,-1.90938e-11,-0.000625514,0.000354858,-0.00309448
4,11,-0.166112,3.12032e-05,0.00106489,-1.6949e-11,0.000636106,-0.000115216,0.00230792
5,11,-0.174297,-0.000139884,0.00104727,-1.62409e-11,-0.0006897,-0.000116133,-0.00151125
6,11,-0.198847,9.24658e-05,-9.72925e-05,-1.80462e-11,-0.000390768,-0.000196656,-0.000992186
7,11,-0.144264,0.000238998,2.06181e-05,-1.38676e-11,-0.000254729,6.0681e-06,0.00150864
8,11,-0.149283,-0.00019603,0.000435715,-1.50012e-11,-0.000199103,-1.50737e-05,0.00124123
9,11,-0.16501,8.96915e-05,-0.00148783,-1.74444e-11,-0.000354741,-0.000188828,0.00161558
10,11,-0.195267,-0.000292151,-0.000163545,-1.84767e-11,-0.000474862,-0.000176206,-0.00146508
1,12,-0.5527,0.000533791,-0.000311764,2.58932e-11,-0.0007306,-0.000290585,0.000474739
2,12,-0.565636,-8.81329e-05,-0.00165486,2.54116e-11,9.88192e-05,0.000351551,-0.00230235
3,12,-0.485026,0.000207467,-0.00193795,2.90389e-11,0.000307357,0.000113301,0.00370904
4,12,-0.55954,0.000317186,-0.002277,2.64229e-11,-0.000317366,0.00027143,0.000513949
5,12,-0.557232,-6.02957e-05,0.000227366,2.63924e-11,0.000243294,-0.000281879,0.00147674
6,12,-0.544637,8.54141e-06,0.00165249,2.65197e-11,0.000295228,-0.000121131,-0.000112939
7,12,-0.630556,-0.000203173,-0.000531955,2.07159e-11,-0.000189444,0.000174665,0.00211261
8,12,-0.576099,-0.000105701,-0.000516079,2.30707e-11,0.00014475,-0.00028483,-0.000755224
9,12,-0.545625,6.27e-05,-0.000509542,2.45173e-11,-0.00074341,-3.71114e-05,-0.000790045
10,12,-0.509207,0.00014541,-7.38918e-06,3.00488e-11,0.000357316,0.000143635,-0.0013833
1,13,0.464555,0.00031236,2.85851e-05,-1.30282e-12,0.000650923,0.000192904,-0.000764564
2,13,0.427666,0.000162599,-0.000200753,3.96912e-13,-0.000380533,0.000193387,-0.000165777
3,13,0.415687,1.87935e-05,-0.0010824,-8.59555e-13,-0.000757572,0.000118949,0.00111043
4,13,0.427078,4.50223e-05,0.000856986,7.67281e-14,0.000367286,-0.000172298,-0.00174749
5,13,0.487681,0.000176757,-0.00106642,-8.05899e-13,0.000236617,2.98384e-05,0.00205382
6,13,0.460565,0.000219952,-5.97768e-05,0,2.45498e-05,-0.000274149,-0.000618138
7,13,0.441673,0.0003092,-0.00125574,-4.61757e-13,0.000170751,1.65906e-05,0.00391981
8,13,0.446217,0.000157981,-0.000482036,4.50504e-13,0.000744919,0.000182629,0.000726661
9,13,0.401552,-0.000435314,-0.000292163,0,0.00010922,-0.000184576,0.000916712
10,13,0.448183,0.000170345,-0.000758203,6.56955e-13,0.000475296,-5.18458e-05,-0.00271297
1,14,0.0872647,-5.2826e-06,-0.000139698,0,0.000386863,-0.000184543,0.000497404
2,14,0.0840717,-0.000162892,-0.00211496,0,-1.7006e-06,1.50795e-05,0.00061338
3,14,0.119503,9.4792e-05,0.000819762,-1.3637e-12,0.000123529,-6.44336e-05,0.000701653
4,14,0.0617117,-0.00036405,-0.0008672,-1.02263e-12,-0.000204272,7.51541e-06,-0.00061174
5,14,0.0713464,-0.000530861,-0.00137567,-6.35869e-13,0.00055384,-0.000329963,0.000521398
6,14,0.104042,-0.000112837,-0.000558968,-4.28785e-13,0.00036662,1.72436e-07,0.00083788
7,14,0.0311397,-0.000325477,0.000228325,-1.06914e-12,0.000313167,7.91732e-05,-0.00317102
8,14,0.0448502,2.1435e-05,1.77887e-05,-1.66165e-12,2.3023e-05,-0.000245199,0.00124373
9,14,0.11825,0.000299512,0.000345298,7.33176e-13,-0.000375167,-0.000283656,0.00185868
10,14,0.0539053,-0.000208864,9.1943e-05,-1.1282e-12,-0.00069874,4.66982e-05,-0.000752196
