id,time,y2,popPred_medianCOV,popPred,indivPred_SAEM,indivPred_mean,indivPred_mode,indWRes_SAEM,indWRes_mean,indWRes_mode
0,33,7.60126,7.79934,7.79934,7.79934,7.79934,7.79934,-0.458244,-0.458244,-0.458244
0,66,5.90703,5.71476,5.71476,5.55492,5.55311,5.55827,1.14368,1.14993,1.1321
0,100,1.15752,1.38834,1.38834,1.22855,1.22673,1.2318,-1.04321,-1.01795,-1.088
1,33,7.47326,7.79934,7.79934,7.79934,7.79934,7.79934,-0.75436,-0.75436,-0.75436
1,66,5.88465,5.71476,5.71476,5.71727,5.70521,5.71627,0.528245,0.567489,0.531483
1,100,1.38458,1.38834,1.38834,1.39083,1.3788,1.38978,-0.0811435,0.0756259,-0.0674948
2,33,7.70927,7.79934,7.79934,7.79934,7.79934,7.79934,-0.208366,-0.208366,-0.208366
2,66,5.68208,5.71476,5.71476,5.52167,5.51581,5.52327,0.524191,0.543919,0.518815
2,100,1.11995,1.38834,1.38834,1.19525,1.1894,1.19684,-1.13668,-1.0536,-1.15922
3,33,7.84147,7.79934,7.79934,7.79934,7.79934,7.79934,0.0974727,0.0974727,0.0974727
3,66,5.63335,5.71476,5.71476,5.83408,5.84455,5.8462,-0.620794,-0.652006,-0.656925
3,100,1.57125,1.38834,1.38834,1.5076,1.51806,1.5198,0.761758,0.632125,0.610857
4,33,7.72383,7.79934,7.79934,7.79934,7.79934,7.79934,-0.174696,-0.174696,-0.174696
4,66,5.69056,5.71476,5.71476,5.86839,5.85281,5.87187,-0.546768,-0.500194,-0.557131
4,100,1.59987,1.38834,1.38834,1.54191,1.52638,1.54551,0.678202,0.868681,0.634618
5,33,7.64804,7.79934,7.79934,7.79934,7.79934,7.79934,-0.350016,-0.350016,-0.350016
5,66,5.51122,5.71476,5.71476,5.87377,5.88172,5.889,-1.11367,-1.13655,-1.15745
5,100,1.63035,1.38834,1.38834,1.54734,1.55534,1.56264,0.96802,0.870204,0.781851
6,33,7.80035,7.79934,7.79934,7.79934,7.79934,7.79934,0.00233856,0.00233856,0.00233856
6,66,5.64349,5.71476,5.71476,5.63664,5.64319,5.63833,0.0219324,0.000969584,0.0165386
6,100,1.29087,1.38834,1.38834,1.31016,1.31677,1.31183,-0.265645,-0.35484,-0.288193
7,33,7.68317,7.79934,7.79934,7.79934,7.79934,7.79934,-0.268758,-0.268758,-0.268758
7,66,5.64056,5.71476,5.71476,5.80223,5.79597,5.80795,-0.502749,-0.483803,-0.520004
7,100,1.52235,1.38834,1.38834,1.4758,1.46949,1.48158,0.569157,0.64898,0.496452
8,33,7.72979,7.79934,7.79934,7.79934,7.79934,7.79934,-0.160899,-0.160899,-0.160899
8,66,5.49327,5.71476,5.71476,5.68584,5.68144,5.68865,-0.611083,-0.597604,-0.619702
8,100,1.36962,1.38834,1.38834,1.35936,1.35503,1.36223,0.136276,0.194332,0.097968
9,33,6.29285,7.79934,7.79934,7.79934,7.79934,7.79934,-3.48509,-3.48509,-3.48509
9,66,5.88925,5.71476,5.71476,5.77257,5.77208,5.77382,0.364695,0.366259,0.360688
9,100,1.46307,1.38834,1.38834,1.44613,1.44567,1.44741,0.211392,0.217148,0.195261
