id,time,y1,popPred_medianCOV,popPred,indivPred_SAEM,indivPred_mean,indivPred_mode,indWRes_SAEM,indWRes_mean,indWRes_mode
0,33,5.64655,5.60206,5.60206,5.60206,5.60206,5.60206,0.0960539,0.0960539,0.0960539
0,66,3.45676,5.44347,5.44347,5.44822,5.44826,5.44813,-4.42056,-4.42062,-4.42043
0,100,5.5858,5.61924,5.61924,5.62099,5.62101,5.62096,-0.0757082,-0.0757451,-0.0756383
1,33,5.32044,5.60206,5.60206,5.60206,5.60206,5.60206,-0.607965,-0.607965,-0.607965
1,66,5.47673,5.44347,5.44347,5.44339,5.44379,5.44342,0.0740834,0.0731848,0.0740097
1,100,5.47837,5.61924,5.61924,5.61921,5.61936,5.61923,-0.303124,-0.303434,-0.30315
2,33,5.83107,5.60206,5.60206,5.60206,5.60206,5.60206,0.494397,0.494397,0.494397
2,66,5.23312,5.44347,5.44347,5.44906,5.4492,5.44902,-0.479253,-0.47956,-0.479169
2,100,5.52811,5.61924,5.61924,5.6213,5.62136,5.62129,-0.200504,-0.200617,-0.200473
3,33,5.63849,5.60206,5.60206,5.60206,5.60206,5.60206,0.0786411,0.0786411,0.0786411
3,66,5.27495,5.44347,5.44347,5.4391,5.43869,5.43862,-0.364997,-0.364094,-0.363952
3,100,5.44807,5.61924,5.61924,5.61765,5.6175,5.61747,-0.365079,-0.36476,-0.36471
4,33,5.72188,5.60206,5.60206,5.60206,5.60206,5.60206,0.258669,0.258669,0.258669
4,66,4.8072,5.44347,5.44347,5.43771,5.43835,5.43757,-1.40229,-1.40355,-1.40201
4,100,5.87854,5.61924,5.61924,5.61714,5.61737,5.61709,0.562789,0.562264,0.562907
5,33,5.46909,5.60206,5.60206,5.60206,5.60206,5.60206,-0.287048,-0.287048,-0.287048
5,66,5.23938,5.44347,5.44347,5.43749,5.43715,5.43684,-0.440627,-0.439911,-0.439249
5,100,5.72718,5.61924,5.61924,5.61706,5.61694,5.61683,0.237101,0.237367,0.237614
6,33,5.55072,5.60206,5.60206,5.60206,5.60206,5.60206,-0.110822,-0.110822,-0.110822
6,66,5.42274,5.44347,5.44347,5.44594,5.44574,5.44589,-0.0515195,-0.0510876,-0.0514081
6,100,5.6668,5.61924,5.61924,5.62015,5.62008,5.62013,0.100389,0.100545,0.100429
7,33,5.32375,5.60206,5.60206,5.60206,5.60206,5.60206,-0.600828,-0.600828,-0.600828
7,66,5.32255,5.44347,5.44347,5.44034,5.44058,5.44012,-0.261851,-0.262365,-0.261377
7,100,5.64754,5.61924,5.61924,5.6181,5.61819,5.61802,0.0633743,0.0631874,0.0635463
8,33,5.43754,5.60206,5.60206,5.60206,5.60206,5.60206,-0.355173,-0.355173,-0.355173
8,66,5.35303,5.44347,5.44347,5.44442,5.44456,5.44433,-0.20301,-0.203316,-0.202813
8,100,5.73417,5.61924,5.61924,5.61959,5.61964,5.61956,0.246585,0.246472,0.246658
9,33,4.4915,5.60206,5.60206,5.60206,5.60206,5.60206,-2.39748,-2.39748,-2.39748
9,66,5.42031,5.44347,5.44347,5.44145,5.44146,5.4414,-0.0469812,-0.0470209,-0.0468802
9,100,5.74675,5.61924,5.61924,5.6185,5.61851,5.61849,0.276049,0.276035,0.276086
