rep,id,a,b,dE,dC,g,jE,jC,K,k,l,mE,mC,qE,qC,s,KT,KE,KC,gamma,T0,E0,C0,M0
1,0,0.33,2.26e-11,3.17,2.35595,10300,0.0156,0.346,5.21e+08,8.67e+06,1.418,0.0176,0.293,1.28e-10,2.14e-10,0.302,0.7,0.6,0.6,0.9,1.58e+09,400000,6.3e+07,6
2,0,0.33,2.26e-11,3.17,2.3863,10300,0.0156,0.346,5.21e+08,8.67e+06,1.418,0.0176,0.293,1.28e-10,2.14e-10,0.302,0.7,0.6,0.6,0.9,1.58e+09,400000,6.3e+07,6
3,0,0.33,2.26e-11,3.17,2.36452,10300,0.0156,0.346,5.21e+08,8.67e+06,1.418,0.0176,0.293,1.28e-10,2.14e-10,0.302,0.7,0.6,0.6,0.9,1.58e+09,400000,6.3e+07,6
4,0,0.33,2.26e-11,3.17,2.48671,10300,0.0156,0.346,5.21e+08,8.67e+06,1.418,0.0176,0.293,1.28e-10,2.14e-10,0.302,0.7,0.6,0.6,0.9,1.58e+09,400000,6.3e+07,6
5,0,0.33,2.26e-11,3.17,2.32597,10300,0.0156,0.346,5.21e+08,8.67e+06,1.418,0.0176,0.293,1.28e-10,2.14e-10,0.302,0.7,0.6,0.6,0.9,1.58e+09,400000,6.3e+07,6
6,0,0.33,2.26e-11,3.17,2.32062,10300,0.0156,0.346,5.21e+08,8.67e+06,1.418,0.0176,0.293,1.28e-10,2.14e-10,0.302,0.7,0.6,0.6,0.9,1.58e+09,400000,6.3e+07,6
7,0,0.33,2.26e-11,3.17,2.28816,10300,0.0156,0.346,5.21e+08,8.67e+06,1.418,0.0176,0.293,1.28e-10,2.14e-10,0.302,0.7,0.6,0.6,0.9,1.58e+09,400000,6.3e+07,6
8,0,0.33,2.26e-11,3.17,2.30768,10300,0.0156,0.346,5.21e+08,8.67e+06,1.418,0.0176,0.293,1.28e-10,2.14e-10,0.302,0.7,0.6,0.6,0.9,1.58e+09,400000,6.3e+07,6
9,0,0.33,2.26e-11,3.17,2.5035,10300,0.0156,0.346,5.21e+08,8.67e+06,1.418,0.0176,0.293,1.28e-10,2.14e-10,0.302,0.7,0.6,0.6,0.9,1.58e+09,400000,6.3e+07,6
10,0,0.33,2.26e-11,3.17,2.4869,10300,0.0156,0.346,5.21e+08,8.67e+06,1.418,0.0176,0.293,1.28e-10,2.14e-10,0.302,0.7,0.6,0.6,0.9,1.58e+09,400000,6.3e+07,6
1,1,0.33,2.26e-11,3.17,2.20424,10300,0.0156,0.346,5.21e+08,8.67e+06,1.418,0.0176,0.293,1.28e-10,2.14e-10,0.302,0.7,0.6,0.6,0.9,1.58e+09,400000,6.3e+07,6
2,1,0.33,2.26e-11,3.17,2.14783,10300,0.0156,0.346,5.21e+08,8.67e+06,1.418,0.0176,0.293,1.28e-10,2.14e-10,0.302,0.7,0.6,0.6,0.9,1.58e+09,400000,6.3e+07,6
3,1,0.33,2.26e-11,3.17,2.16078,10300,0.0156,0.346,5.21e+08,8.67e+06,1.418,0.0176,0.293,1.28e-10,2.14e-10,0.302,0.7,0.6,0.6,0.9,1.58e+09,400000,6.3e+07,6
4,1,0.33,2.26e-11,3.17,2.27647,10300,0.0156,0.346,5.21e+08,8.67e+06,1.418,0.0176,0.293,1.28e-10,2.14e-10,0.302,0.7,0.6,0.6,0.9,1.58e+09,400000,6.3e+07,6
5,1,0.33,2.26e-11,3.17,2.28054,10300,0.0156,0.346,5.21e+08,8.67e+06,1.418,0.0176,0.293,1.28e-10,2.14e-10,0.302,0.7,0.6,0.6,0.9,1.58e+09,400000,6.3e+07,6
6,1,0.33,2.26e-11,3.17,2.24131,10300,0.0156,0.346,5.21e+08,8.67e+06,1.418,0.0176,0.293,1.28e-10,2.14e-10,0.302,0.7,0.6,0.6,0.9,1.58e+09,400000,6.3e+07,6
7,1,0.33,2.26e-11,3.17,2.20942,10300,0.0156,0.346,5.21e+08,8.67e+06,1.418,0.0176,0.293,1.28e-10,2.14e-10,0.302,0.7,0.6,0.6,0.9,1.58e+09,400000,6.3e+07,6
8,1,0.33,2.26e-11,3.17,2.17807,10300,0.0156,0.346,5.21e+08,8.67e+06,1.418,0.0176,0.293,1.28e-10,2.14e-10,0.302,0.7,0.6,0.6,0.9,1.58e+09,400000,6.3e+07,6
9,1,0.33,2.26e-11,3.17,2.2083,10300,0.0156,0.346,5.21e+08,8.67e+06,1.418,0.0176,0.293,1.28e-10,2.14e-10,0.302,0.7,0.6,0.6,0.9,1.58e+09,400000,6.3e+07,6
10,1,0.33,2.26e-11,3.17,2.1474,10300,0.0156,0.346,5.21e+08,8.67e+06,1.418,0.0176,0.293,1.28e-10,2.14e-10,0.302,0.7,0.6,0.6,0.9,1.58e+09,400000,6.3e+07,6
1,2,0.33,2.26e-11,3.17,2.4903,10300,0.0156,0.346,5.21e+08,8.67e+06,1.418,0.0176,0.293,1.28e-10,2.14e-10,0.302,0.7,0.6,0.6,0.9,1.58e+09,400000,6.3e+07,6
2,2,0.33,2.26e-11,3.17,2.37085,10300,0.0156,0.346,5.21e+08,8.67e+06,1.418,0.0176,0.293,1.28e-10,2.14e-10,0.302,0.7,0.6,0.6,0.9,1.58e+09,400000,6.3e+07,6
3,2,0.33,2.26e-11,3.17,2.4568,10300,0.0156,0.346,5.21e+08,8.67e+06,1.418,0.0176,0.293,1.28e-10,2.14e-10,0.302,0.7,0.6,0.6,0.9,1.58e+09,400000,6.3e+07,6
4,2,0.33,2.26e-11,3.17,2.45822,10300,0.0156,0.346,5.21e+08,8.67e+06,1.418,0.0176,0.293,1.28e-10,2.14e-10,0.302,0.7,0.6,0.6,0.9,1.58e+09,400000,6.3e+07,6
5,2,0.33,2.26e-11,3.17,2.40585,10300,0.0156,0.346,5.21e+08,8.67e+06,1.418,0.0176,0.293,1.28e-10,2.14e-10,0.302,0.7,0.6,0.6,0.9,1.58e+09,400000,6.3e+07,6
6,2,0.33,2.26e-11,3.17,2.36417,10300,0.0156,0.346,5.21e+08,8.67e+06,1.418,0.0176,0.293,1.28e-10,2.14e-10,0.302,0.7,0.6,0.6,0.9,1.58e+09,400000,6.3e+07,6
7,2,0.33,2.26e-11,3.17,2.57938,10300,0.0156,0.346,5.21e+08,8.67e+06,1.418,0.0176,0.293,1.28e-10,2.14e-10,0.302,0.7,0.6,0.6,0.9,1.58e+09,400000,6.3e+07,6
8,2,0.33,2.26e-11,3.17,2.35506,10300,0.0156,0.346,5.21e+08,8.67e+06,1.418,0.0176,0.293,1.28e-10,2.14e-10,0.302,0.7,0.6,0.6,0.9,1.58e+09,400000,6.3e+07,6
9,2,0.33,2.26e-11,3.17,2.44439,10300,0.0156,0.346,5.21e+08,8.67e+06,1.418,0.0176,0.293,1.28e-10,2.14e-10,0.302,0.7,0.6,0.6,0.9,1.58e+09,400000,6.3e+07,6
10,2,0.33,2.26e-11,3.17,2.52528,10300,0.0156,0.346,5.21e+08,8.67e+06,1.418,0.0176,0.293,1.28e-10,2.14e-10,0.302,0.7,0.6,0.6,0.9,1.58e+09,400000,6.3e+07,6
1,3,0.33,2.26e-11,3.17,2.16034,10300,0.0156,0.346,5.21e+08,8.67e+06,1.418,0.0176,0.293,1.28e-10,2.14e-10,0.302,0.7,0.6,0.6,0.9,1.58e+09,400000,6.3e+07,6
2,3,0.33,2.26e-11,3.17,2.10547,10300,0.0156,0.346,5.21e+08,8.67e+06,1.418,0.0176,0.293,1.28e-10,2.14e-10,0.302,0.7,0.6,0.6,0.9,1.58e+09,400000,6.3e+07,6
3,3,0.33,2.26e-11,3.17,2.11294,10300,0.0156,0.346,5.21e+08,8.67e+06,1.418,0.0176,0.293,1.28e-10,2.14e-10,0.302,0.7,0.6,0.6,0.9,1.58e+09,400000,6.3e+07,6
4,3,0.33,2.26e-11,3.17,2.1254,10300,0.0156,0.346,5.21e+08,8.67e+06,1.418,0.0176,0.293,1.28e-10,2.14e-10,0.302,0.7,0.6,0.6,0.9,1.58e+09,400000,6.3e+07,6
5,3,0.33,2.26e-11,3.17,2.19132,10300,0.0156,0.346,5.21e+08,8.67e+06,1.418,0.0176,0.293,1.28e-10,2.14e-10,0.302,0.7,0.6,0.6,0.9,1.58e+09,400000,6.3e+07,6
6,3,0.33,2.26e-11,3.17,2.1015,10300,0.0156,0.346,5.21e+08,8.67e+06,1.418,0.0176,0.293,1.28e-10,2.14e-10,0.302,0.7,0.6,0.6,0.9,1.58e+09,400000,6.3e+07,6
7,3,0.33,2.26e-11,3.17,2.15391,10300,0.0156,0.346,5.21e+08,8.67e+06,1.418,0.0176,0.293,1.28e-10,2.14e-10,0.302,0.7,0.6,0.6,0.9,1.58e+09,400000,6.3e+07,6
8,3,0.33,2.26e-11,3.17,2.13913,10300,0.0156,0.346,5.21e+08,8.67e+06,1.418,0.0176,0.293,1.28e-10,2.14e-10,0.302,0.7,0.6,0.6,0.9,1.58e+09,400000,6.3e+07,6
9,3,0.33,2.26e-11,3.17,2.10851,10300,0.0156,0.346,5.21e+08,8.67e+06,1.418,0.0176,0.293,1.28e-10,2.14e-10,0.302,0.7,0.6,0.6,0.9,1.58e+09,400000,6.3e+07,6
10,3,0.33,2.26e-11,3.17,2.17552,10300,0.0156,0.346,5.21e+08,8.67e+06,1.418,0.0176,0.293,1.28e-10,2.14e-10,0.302,0.7,0.6,0.6,0.9,1.58e+09,400000,6.3e+07,6
1,4,0.33,2.26e-11,3.17,2.09582,10300,0.0156,0.346,5.21e+08,8.67e+06,1.418,0.0176,0.293,1.28e-10,2.14e-10,0.302,0.7,0.6,0.6,0.9,1.58e+09,400000,6.3e+07,6
2,4,0.33,2.26e-11,3.17,2.15346,10300,0.0156,0.346,5.21e+08,8.67e+06,1.418,0.0176,0.293,1.28e-10,2.14e-10,0.302,0.7,0.6,0.6,0.9,1.58e+09,400000,6.3e+07,6
3,4,0.33,2.26e-11,3.17,2.03225,10300,0.0156,0.346,5.21e+08,8.67e+06,1.418,0.0176,0.293,1.28e-10,2.14e-10,0.302,0.7,0.6,0.6,0.9,1.58e+09,400000,6.3e+07,6
4,4,0.33,2.26e-11,3.17,2.15222,10300,0.0156,0.346,5.21e+08,8.67e+06,1.418,0.0176,0.293,1.28e-10,2.14e-10,0.302,0.7,0.6,0.6,0.9,1.58e+09,400000,6.3e+07,6
5,4,0.33,2.26e-11,3.17,2.12737,10300,0.0156,0.346,5.21e+08,8.67e+06,1.418,0.0176,0.293,1.28e-10,2.14e-10,0.302,0.7,0.6,0.6,0.9,1.58e+09,400000,6.3e+07,6
6,4,0.33,2.26e-11,3.17,2.18637,10300,0.0156,0.346,5.21e+08,8.67e+06,1.418,0.0176,0.293,1.28e-10,2.14e-10,0.302,0.7,0.6,0.6,0.9,1.58e+09,400000,6.3e+07,6
7,4,0.33,2.26e-11,3.17,2.05775,10300,0.0156,0.346,5.21e+08,8.67e+06,1.418,0.0176,0.293,1.28e-10,2.14e-10,0.302,0.7,0.6,0.6,0.9,1.58e+09,400000,6.3e+07,6
8,4,0.33,2.26e-11,3.17,2.02058,10300,0.0156,0.346,5.21e+08,8.67e+06,1.418,0.0176,0.293,1.28e-10,2.14e-10,0.302,0.7,0.6,0.6,0.9,1.58e+09,400000,6.3e+07,6
9,4,0.33,2.26e-11,3.17,2.05598,10300,0.0156,0.346,5.21e+08,8.67e+06,1.418,0.0176,0.293,1.28e-10,2.14e-10,0.302,0.7,0.6,0.6,0.9,1.58e+09,400000,6.3e+07,6
10,4,0.33,2.26e-11,3.17,2.0885,10300,0.0156,0.346,5.21e+08,8.67e+06,1.418,0.0176,0.293,1.28e-10,2.14e-10,0.302,0.7,0.6,0.6,0.9,1.58e+09,400000,6.3e+07,6
1,5,0.33,2.26e-11,3.17,2.07722,10300,0.0156,0.346,5.21e+08,8.67e+06,1.418,0.0176,0.293,1.28e-10,2.14e-10,0.302,0.7,0.6,0.6,0.9,1.58e+09,400000,6.3e+07,6
2,5,0.33,2.26e-11,3.17,2.12101,10300,0.0156,0.346,5.21e+08,8.67e+06,1.418,0.0176,0.293,1.28e-10,2.14e-10,0.302,0.7,0.6,0.6,0.9,1.58e+09,400000,6.3e+07,6
3,5,0.33,2.26e-11,3.17,2.11526,10300,0.0156,0.346,5.21e+08,8.67e+06,1.418,0.0176,0.293,1.28e-10,2.14e-10,0.302,0.7,0.6,0.6,0.9,1.58e+09,400000,6.3e+07,6
4,5,0.33,2.26e-11,3.17,2.16514,10300,0.0156,0.346,5.21e+08,8.67e+06,1.418,0.0176,0.293,1.28e-10,2.14e-10,0.302,0.7,0.6,0.6,0.9,1.58e+09,400000,6.3e+07,6
5,5,0.33,2.26e-11,3.17,2.09316,10300,0.0156,0.346,5.21e+08,8.67e+06,1.418,0.0176,0.293,1.28e-10,2.14e-10,0.302,0.7,0.6,0.6,0.9,1.58e+09,400000,6.3e+07,6
6,5,0.33,2.26e-11,3.17,2.1007,10300,0.0156,0.346,5.21e+08,8.67e+06,1.418,0.0176,0.293,1.28e-10,2.14e-10,0.302,0.7,0.6,0.6,0.9,1.58e+09,400000,6.3e+07,6
7,5,0.33,2.26e-11,3.17,2.08242,10300,0.0156,0.346,5.21e+08,8.67e+06,1.418,0.0176,0.293,1.28e-10,2.14e-10,0.302,0.7,0.6,0.6,0.9,1.58e+09,400000,6.3e+07,6
8,5,0.33,2.26e-11,3.17,2.10625,10300,0.0156,0.346,5.21e+08,8.67e+06,1.418,0.0176,0.293,1.28e-10,2.14e-10,0.302,0.7,0.6,0.6,0.9,1.58e+09,400000,6.3e+07,6
9,5,0.33,2.26e-11,3.17,2.05443,10300,0.0156,0.346,5.21e+08,8.67e+06,1.418,0.0176,0.293,1.28e-10,2.14e-10,0.302,0.7,0.6,0.6,0.9,1.58e+09,400000,6.3e+07,6
10,5,0.33,2.26e-11,3.17,2.07084,10300,0.0156,0.346,5.21e+08,8.67e+06,1.418,0.0176,0.293,1.28e-10,2.14e-10,0.302,0.7,0.6,0.6,0.9,1.58e+09,400000,6.3e+07,6
1,6,0.33,2.26e-11,3.17,2.27022,10300,0.0156,0.346,5.21e+08,8.67e+06,1.418,0.0176,0.293,1.28e-10,2.14e-10,0.302,0.7,0.6,0.6,0.9,1.58e+09,400000,6.3e+07,6
2,6,0.33,2.26e-11,3.17,2.29218,10300,0.0156,0.346,5.21e+08,8.67e+06,1.418,0.0176,0.293,1.28e-10,2.14e-10,0.302,0.7,0.6,0.6,0.9,1.58e+09,400000,6.3e+07,6
3,6,0.33,2.26e-11,3.17,2.28652,10300,0.0156,0.346,5.21e+08,8.67e+06,1.418,0.0176,0.293,1.28e-10,2.14e-10,0.302,0.7,0.6,0.6,0.9,1.58e+09,400000,6.3e+07,6
4,6,0.33,2.26e-11,3.17,2.27721,10300,0.0156,0.346,5.21e+08,8.67e+06,1.418,0.0176,0.293,1.28e-10,2.14e-10,0.302,0.7,0.6,0.6,0.9,1.58e+09,400000,6.3e+07,6
5,6,0.33,2.26e-11,3.17,2.26567,10300,0.0156,0.346,5.21e+08,8.67e+06,1.418,0.0176,0.293,1.28e-10,2.14e-10,0.302,0.7,0.6,0.6,0.9,1.58e+09,400000,6.3e+07,6
6,6,0.33,2.26e-11,3.17,2.28379,10300,0.0156,0.346,5.21e+08,8.67e+06,1.418,0.0176,0.293,1.28e-10,2.14e-10,0.302,0.7,0.6,0.6,0.9,1.58e+09,400000,6.3e+07,6
7,6,0.33,2.26e-11,3.17,2.32821,10300,0.0156,0.346,5.21e+08,8.67e+06,1.418,0.0176,0.293,1.28e-10,2.14e-10,0.302,0.7,0.6,0.6,0.9,1.58e+09,400000,6.3e+07,6
8,6,0.33,2.26e-11,3.17,2.28121,10300,0.0156,0.346,5.21e+08,8.67e+06,1.418,0.0176,0.293,1.28e-10,2.14e-10,0.302,0.7,0.6,0.6,0.9,1.58e+09,400000,6.3e+07,6
9,6,0.33,2.26e-11,3.17,2.32053,10300,0.0156,0.346,5.21e+08,8.67e+06,1.418,0.0176,0.293,1.28e-10,2.14e-10,0.302,0.7,0.6,0.6,0.9,1.58e+09,400000,6.3e+07,6
10,6,0.33,2.26e-11,3.17,2.30615,10300,0.0156,0.346,5.21e+08,8.67e+06,1.418,0.0176,0.293,1.28e-10,2.14e-10,0.302,0.7,0.6,0.6,0.9,1.58e+09,400000,6.3e+07,6
1,7,0.33,2.26e-11,3.17,2.16044,10300,0.0156,0.346,5.21e+08,8.67e+06,1.418,0.0176,0.293,1.28e-10,2.14e-10,0.302,0.7,0.6,0.6,0.9,1.58e+09,400000,6.3e+07,6
2,7,0.33,2.26e-11,3.17,2.09525,10300,0.0156,0.346,5.21e+08,8.67e+06,1.418,0.0176,0.293,1.28e-10,2.14e-10,0.302,0.7,0.6,0.6,0.9,1.58e+09,400000,6.3e+07,6
3,7,0.33,2.26e-11,3.17,2.16464,10300,0.0156,0.346,5.21e+08,8.67e+06,1.418,0.0176,0.293,1.28e-10,2.14e-10,0.302,0.7,0.6,0.6,0.9,1.58e+09,400000,6.3e+07,6
4,7,0.33,2.26e-11,3.17,2.20979,10300,0.0156,0.346,5.21e+08,8.67e+06,1.418,0.0176,0.293,1.28e-10,2.14e-10,0.302,0.7,0.6,0.6,0.9,1.58e+09,400000,6.3e+07,6
5,7,0.33,2.26e-11,3.17,2.114,10300,0.0156,0.346,5.21e+08,8.67e+06,1.418,0.0176,0.293,1.28e-10,2.14e-10,0.302,0.7,0.6,0.6,0.9,1.58e+09,400000,6.3e+07,6
6,7,0.33,2.26e-11,3.17,2.15569,10300,0.0156,0.346,5.21e+08,8.67e+06,1.418,0.0176,0.293,1.28e-10,2.14e-10,0.302,0.7,0.6,0.6,0.9,1.58e+09,400000,6.3e+07,6
7,7,0.33,2.26e-11,3.17,2.1327,10300,0.0156,0.346,5.21e+08,8.67e+06,1.418,0.0176,0.293,1.28e-10,2.14e-10,0.302,0.7,0.6,0.6,0.9,1.58e+09,400000,6.3e+07,6
8,7,0.33,2.26e-11,3.17,2.14091,10300,0.0156,0.346,5.21e+08,8.67e+06,1.418,0.0176,0.293,1.28e-10,2.14e-10,0.302,0.7,0.6,0.6,0.9,1.58e+09,400000,6.3e+07,6
9,7,0.33,2.26e-11,3.17,2.09287,10300,0.0156,0.346,5.21e+08,8.67e+06,1.418,0.0176,0.293,1.28e-10,2.14e-10,0.302,0.7,0.6,0.6,0.9,1.58e+09,400000,6.3e+07,6
10,7,0.33,2.26e-11,3.17,2.14585,10300,0.0156,0.346,5.21e+08,8.67e+06,1.418,0.0176,0.293,1.28e-10,2.14e-10,0.302,0.7,0.6,0.6,0.9,1.58e+09,400000,6.3e+07,6
1,8,0.33,2.26e-11,3.17,2.28645,10300,0.0156,0.346,5.21e+08,8.67e+06,1.418,0.0176,0.293,1.28e-10,2.14e-10,0.302,0.7,0.6,0.6,0.9,1.58e+09,400000,6.3e+07,6
2,8,0.33,2.26e-11,3.17,2.27862,10300,0.0156,0.346,5.21e+08,8.67e+06,1.418,0.0176,0.293,1.28e-10,2.14e-10,0.302,0.7,0.6,0.6,0.9,1.58e+09,400000,6.3e+07,6
3,8,0.33,2.26e-11,3.17,2.2578,10300,0.0156,0.346,5.21e+08,8.67e+06,1.418,0.0176,0.293,1.28e-10,2.14e-10,0.302,0.7,0.6,0.6,0.9,1.58e+09,400000,6.3e+07,6
4,8,0.33,2.26e-11,3.17,2.23428,10300,0.0156,0.346,5.21e+08,8.67e+06,1.418,0.0176,0.293,1.28e-10,2.14e-10,0.302,0.7,0.6,0.6,0.9,1.58e+09,400000,6.3e+07,6
5,8,0.33,2.26e-11,3.17,2.18702,10300,0.0156,0.346,5.21e+08,8.67e+06,1.418,0.0176,0.293,1.28e-10,2.14e-10,0.302,0.7,0.6,0.6,0.9,1.58e+09,400000,6.3e+07,6
6,8,0.33,2.26e-11,3.17,2.19248,10300,0.0156,0.346,5.21e+08,8.67e+06,1.418,0.0176,0.293,1.28e-10,2.14e-10,0.302,0.7,0.6,0.6,0.9,1.58e+09,400000,6.3e+07,6
7,8,0.33,2.26e-11,3.17,2.26076,10300,0.0156,0.346,5.21e+08,8.67e+06,1.418,0.0176,0.293,1.28e-10,2.14e-10,0.302,0.7,0.6,0.6,0.9,1.58e+09,400000,6.3e+07,6
8,8,0.33,2.26e-11,3.17,2.25261,10300,0.0156,0.346,5.21e+08,8.67e+06,1.418,0.0176,0.293,1.28e-10,2.14e-10,0.302,0.7,0.6,0.6,0.9,1.58e+09,400000,6.3e+07,6
9,8,0.33,2.26e-11,3.17,2.23578,10300,0.0156,0.346,5.21e+08,8.67e+06,1.418,0.0176,0.293,1.28e-10,2.14e-10,0.302,0.7,0.6,0.6,0.9,1.58e+09,400000,6.3e+07,6
10,8,0.33,2.26e-11,3.17,2.29193,10300,0.0156,0.346,5.21e+08,8.67e+06,1.418,0.0176,0.293,1.28e-10,2.14e-10,0.302,0.7,0.6,0.6,0.9,1.58e+09,400000,6.3e+07,6
1,9,0.33,2.26e-11,3.17,2.26027,10300,0.0156,0.346,5.21e+08,8.67e+06,1.418,0.0176,0.293,1.28e-10,2.14e-10,0.302,0.7,0.6,0.6,0.9,1.58e+09,400000,6.3e+07,6
2,9,0.33,2.26e-11,3.17,2.11171,10300,0.0156,0.346,5.21e+08,8.67e+06,1.418,0.0176,0.293,1.28e-10,2.14e-10,0.302,0.7,0.6,0.6,0.9,1.58e+09,400000,6.3e+07,6
3,9,0.33,2.26e-11,3.17,2.1927,10300,0.0156,0.346,5.21e+08,8.67e+06,1.418,0.0176,0.293,1.28e-10,2.14e-10,0.302,0.7,0.6,0.6,0.9,1.58e+09,400000,6.3e+07,6
4,9,0.33,2.26e-11,3.17,2.23522,10300,0.0156,0.346,5.21e+08,8.67e+06,1.418,0.0176,0.293,1.28e-10,2.14e-10,0.302,0.7,0.6,0.6,0.9,1.58e+09,400000,6.3e+07,6
5,9,0.33,2.26e-11,3.17,2.11204,10300,0.0156,0.346,5.21e+08,8.67e+06,1.418,0.0176,0.293,1.28e-10,2.14e-10,0.302,0.7,0.6,0.6,0.9,1.58e+09,400000,6.3e+07,6
6,9,0.33,2.26e-11,3.17,2.16609,10300,0.0156,0.346,5.21e+08,8.67e+06,1.418,0.0176,0.293,1.28e-10,2.14e-10,0.302,0.7,0.6,0.6,0.9,1.58e+09,400000,6.3e+07,6
7,9,0.33,2.26e-11,3.17,2.20699,10300,0.0156,0.346,5.21e+08,8.67e+06,1.418,0.0176,0.293,1.28e-10,2.14e-10,0.302,0.7,0.6,0.6,0.9,1.58e+09,400000,6.3e+07,6
8,9,0.33,2.26e-11,3.17,2.15646,10300,0.0156,0.346,5.21e+08,8.67e+06,1.418,0.0176,0.293,1.28e-10,2.14e-10,0.302,0.7,0.6,0.6,0.9,1.58e+09,400000,6.3e+07,6
9,9,0.33,2.26e-11,3.17,2.18763,10300,0.0156,0.346,5.21e+08,8.67e+06,1.418,0.0176,0.293,1.28e-10,2.14e-10,0.302,0.7,0.6,0.6,0.9,1.58e+09,400000,6.3e+07,6
10,9,0.33,2.26e-11,3.17,2.14877,10300,0.0156,0.346,5.21e+08,8.67e+06,1.418,0.0176,0.293,1.28e-10,2.14e-10,0.302,0.7,0.6,0.6,0.9,1.58e+09,400000,6.3e+07,6
