rep,id,eta_r,eta_K,eta_p,eta_T50,eta_h,eta_l,eta_delta_ef,eta_delta_m,eta_kappa,eta_Cef50,eta_q,eta_T0,eta_Cef0,eta_Cm0
1,P1,0.0489245,1.58617,-0.469619,0.102521,-0.129278,-1.35812,0.180646,-0.504193,-0.1654,0.836988,4.82941,-0.190094,0.221781,-1.1027
2,P1,0.271105,-1.20848,0.0530789,0.128183,-0.157191,0.14122,-0.00387467,0.377511,0.0876377,-0.0932689,0.96547,-0.475373,0.771153,3.98775
3,P1,0.021118,-0.209955,0.313165,0.320132,-0.86243,-0.160567,0.211052,-0.426928,0.0660252,-0.0391159,0.396484,-0.268883,1.94346,-0.445403
4,P1,0.385221,-0.330529,-0.33735,0.309873,0.222635,-0.0360408,0.485425,-0.279336,0.182656,-0.336031,-0.0974786,0.118202,-3.65298,1.81677
5,P1,0.197137,-1.74699,0.297001,0.245819,-0.6115,0.026249,0.487756,0.521804,-0.0505186,0.0402226,1.5906,-0.296564,-6.31418,0.813623
6,P1,-0.163099,0.251984,-0.127737,-0.2085,1.01138,-0.112745,0.0298576,-0.483037,0.520525,0.027974,0.882292,-0.167102,-3.65764,0.285924
7,P1,-0.492616,0.0765917,-0.157211,0.45683,-0.597659,-0.21804,0.58454,-0.0871793,0.271336,0.959939,2.62423,0.0453735,0.763326,0.89476
8,P1,0.182642,-0.310558,-0.0439346,0.49788,-0.22232,-0.871023,0.134201,0.240179,-0.190938,0.272375,2.1519,-0.0535189,-2.61898,-1.66813
9,P1,-0.511523,-2.20807,-0.107649,0.0144296,-0.272521,0.172619,-0.0438503,0.0318324,0.0519247,0.0242203,-0.663796,-0.0664648,-3.67959,0.660721
10,P1,-0.487714,-2.77737,0.453646,0.063835,-0.0107203,1.36876,0.358948,0.296531,0.00654291,-0.359969,2.37554,-0.223805,2.00916,-1.65318
1,P2,-0.242664,-2.43929,-0.058101,-0.190528,0.124166,-0.595245,0.00138046,0.475827,-0.159616,0.0946647,-2.09776,0.0509308,2.02701,-0.295219
2,P2,0.00145093,-1.29488,-0.0563799,0.0182163,0.548441,0.0876969,-0.162777,-0.0751168,-0.159661,-0.681078,0.122962,0.200054,0.232809,0.91324
3,P2,-0.183289,0.0975369,-0.130177,-0.330226,0.83829,-0.28392,-0.0947553,-0.505142,0.0718487,-0.652062,-1.54451,-0.246304,3.61576,0.33356
4,P2,-0.556715,-1.16631,0.323342,0.101143,0.940051,0.514692,0.300278,-0.190202,0.265011,-0.901398,0.878876,0.520923,-3.11537,-0.14872
5,P2,0.476263,-1.19991,-0.196335,0.32521,1.68,-0.401102,-0.136609,-0.046619,-0.199869,-1.30828,3.38861,0.620133,2.07324,-2.08734
6,P2,0.353564,-2.77279,0.121194,0.405299,-1.09127,0.443474,-0.308457,0.51686,-0.188864,-1.77983,0.26649,0.25832,4.34829,-1.76497
7,P2,0.404884,-3.60604,-0.0487563,-0.262665,-1.17648,-0.0461738,-0.602832,0.349689,0.109813,-0.82764,1.12999,0.338381,-5.69312,0.211225
8,P2,0.23037,2.29299,-0.293931,-0.221432,0.529085,-0.973068,0.0601949,-0.0710346,-0.136386,-0.614873,-1.52811,-0.0740797,3.75108,2.86774
9,P2,-0.165937,-0.589835,-0.0243375,-0.0642523,0.120916,0.309745,-0.623952,0.619942,-0.0903502,-0.696389,2.53312,0.404533,-1.46788,-0.991515
10,P2,-1.05586,-1.1071,0.0617177,0.100061,0.860482,-0.0614306,-0.272293,0.0714883,0.0354166,-0.137058,-2.79608,0.405161,0.626587,-1.19009
1,P3,-0.241635,2.09083,0.0741868,0.120544,0.839922,-1.10801,-0.525642,-0.461759,-0.0861631,-0.54681,1.70266,-0.351502,5.78597,0.740621
2,P3,-0.780606,-0.518404,-0.116443,-0.0825309,0.964952,0.532824,0.540749,-0.0521999,-0.226206,-0.625234,-3.93637,0.47118,1.68018,-3.30985
3,P3,-0.105641,-0.436211,-0.12323,-0.277152,-1.3315,-0.666183,-0.0397457,0.465086,0.0199596,0.443548,-0.990028,-0.0142852,-5.43558,1.25713
4,P3,-0.344737,1.04825,0.0613732,-0.185008,-0.101052,-0.636952,0.137471,-0.303861,0.101264,-0.249914,2.41422,0.203849,-2.78711,-0.60406
5,P3,-0.239759,-0.38482,0.0239825,-0.242366,-0.631233,-0.266093,-0.232282,0.203839,0.128167,0.649735,1.99654,-0.00941688,1.44285,2.27391
6,P3,-0.640565,-1.22478,-0.0662887,0.144964,-0.240652,-0.689083,-0.452685,-0.444343,0.287172,0.0515002,1.60918,0.066858,4.28036,2.72816
7,P3,-0.463181,-0.884978,0.115031,-0.155801,-0.455658,-0.371083,-0.878188,-0.636812,0.119181,-1.33534,-0.673595,0.111136,-1.16203,0.210604
8,P3,0.23443,-2.2985,0.00842789,-0.349636,0.159019,-0.624763,-0.0572854,-0.194228,0.202962,-0.80262,-1.82299,-0.0668233,2.91022,-1.03449
9,P3,0.325627,-0.287913,-0.170832,-0.485546,0.980923,-0.457733,0.187743,0.0862723,0.040255,-0.404751,3.7322,-0.133196,-3.20794,-1.4612
10,P3,-0.543727,0.878309,-0.278708,-0.472481,-0.800377,-0.665069,-0.48145,-0.448063,0.160356,-0.443286,4.81436,0.279743,-0.129016,0.549745
1,P4,0.0188487,-1.14575,-0.278179,-0.0889827,-1.4607,-0.288177,-0.446129,-0.576913,-0.123518,-0.196131,2.67453,0.327341,2.54612,-3.16408
2,P4,-0.133102,1.23644,-0.145244,-0.065147,0.277404,-0.828883,-0.485796,-0.184315,-0.23842,1.08085,4.85487,-0.0239911,-2.40826,0.415775
3,P4,0.239625,1.75815,0.187099,0.282472,-0.118174,0.0743742,0.134784,0.0618058,-0.00436977,0.239868,0.306477,0.361256,-4.05485,2.44086
4,P4,0.33427,2.22394,0.122548,0.0614022,-0.257301,-0.722529,0.292817,0.0134917,-0.145308,0.866939,-1.12791,0.0360605,5.13142,2.42103
5,P4,-0.0611066,-0.137632,0.118125,0.168211,-0.967957,0.0680307,-0.0689416,0.441265,-0.154746,1.08056,0.840288,-0.0768028,-4.50152,-1.95166
6,P4,-0.0327108,-3.17165,0.135651,-0.400856,0.910504,-0.0768892,0.364463,-0.949324,0.116451,-0.326465,2.37047,0.0317454,-4.57114,-3.46707
7,P4,0.407841,-2.14617,0.145028,-0.0265127,-0.71859,-0.097798,-0.0869599,-0.44913,0.38601,0.691182,-3.30364,0.346777,-4.10631,2.31888
8,P4,0.206474,-0.472807,-0.0205118,-0.337336,0.100491,0.388808,0.26879,-0.20555,0.2191,0.120563,-4.13921,0.518584,2.50249,-2.45306
9,P4,0.275311,-1.06519,-0.137161,0.0479144,0.552385,0.209663,0.125407,0.781235,-0.399915,1.24363,1.51198,-0.210148,-4.87955,-0.978817
10,P4,-0.249816,-1.83717,0.206268,0.0111748,-1.84952,-0.223685,0.569352,-0.0296155,0.0375766,1.68995,-1.13068,0.164489,1.66724,-1.86987
1,P6,0.619547,-1.02542,0.0657081,-0.327239,0.117322,0.00493864,-0.716965,0.886181,-0.0507582,-0.760741,-3.51085,0.171672,0.288847,0.837199
2,P6,-0.0396672,-0.662822,0.165787,-0.613465,0.581612,0.112464,-0.25721,1.11098,0.00249326,-0.283277,-0.947262,-0.00904032,1.50594,-5.67972
3,P6,-0.359691,-0.534013,0.271902,-0.377518,-1.0641,0.204206,0.718548,0.660096,-0.0888056,-0.441029,-1.96419,0.163262,-6.29014,1.14146
4,P6,0.111033,-3.22533,0.0742099,-0.11277,-0.979148,0.343944,0.385304,0.65289,0.253584,-0.801781,-1.98654,-0.0135818,6.65162,2.90018
5,P6,0.541136,2.56098,0.015535,-0.317067,-0.509321,-0.687752,-0.023627,0.710998,0.0109306,-0.656121,1.78567,0.233339,-3.57703,-1.0872
6,P6,0.0699309,-0.536884,0.0893326,-0.44898,0.267681,0.0836826,-0.12685,0.699339,-0.000853835,-0.946466,-0.910544,-0.0898993,3.57984,0.125155
7,P6,0.573777,0.830575,0.146671,-0.14385,0.0212249,-0.10734,-0.279311,0.907792,0.00207207,-1.02307,0.654945,0.356424,-0.385455,-1.5502
8,P6,0.572647,2.62055,0.163932,0.215639,-1.26257,-0.607276,0.723486,0.516124,-0.440681,-1.26689,1.39926,0.501197,1.89671,1.68737
9,P6,0.63564,0.137057,0.0248479,-0.0413059,0.751741,0.103225,-0.214663,0.248992,0.2675,-2.09703,1.87952,0.10921,4.70662,-3.08251
10,P6,-0.0765828,-1.91751,0.160957,-0.198199,-1.01187,-0.502809,0.118162,0.627155,-0.33988,-0.369961,3.46112,-0.0476263,2.87556,-3.93468
1,P7,-0.546651,-2.90715,0.0857528,0.0260827,0.670886,-0.0783267,0.162342,0.56683,0.294523,1.42363,-0.195164,0.592181,1.59255,2.15299
2,P7,0.417557,1.744,-0.063365,-0.223745,-0.155498,-0.21291,-0.0277519,0.203766,0.0786074,-0.916755,4.34636,0.332466,2.44437,-0.165008
3,P7,0.30419,0.0965677,-0.307354,-0.270762,-0.701401,-0.419768,-0.057284,0.0937178,0.0115904,-0.642766,-3.83805,0.530645,-3.22515,1.33719
4,P7,0.298652,-0.264887,0.307842,-0.0874175,-0.448546,0.475856,-0.0440995,0.281722,-0.243422,-1.0864,-7.3052,-0.177193,-5.65821,-1.62615
5,P7,0.622827,0.107441,-0.117338,-0.117209,-0.395131,-0.67398,-0.172106,-0.416288,-0.0641037,-1.27737,-2.79398,0.0192266,-5.20416,1.5886
6,P7,0.478793,1.60613,0.0839514,-0.883539,0.577612,0.322717,0.0352797,0.453777,0.393322,-0.386946,-2.95826,0.104785,-0.494916,-4.66068
7,P7,-0.290566,-1.3837,-0.0230536,0.219408,-0.14456,-0.124574,0.440124,0.0643319,-0.204906,-0.120038,-4.34356,0.317736,4.06314,0.562098
8,P7,-0.399542,-0.64348,0.175073,-0.0622697,0.242532,0.876894,0.0171084,0.0796749,0.10637,-0.336348,2.01163,0.423082,-2.26435,0.600418
9,P7,0.119143,-3.32077,0.41357,0.0489734,-0.930374,0.209974,0.100714,0.389477,-0.162116,-1.2634,3.46792,0.252255,1.63795,-0.966004
10,P7,0.46304,-0.666961,-0.0771663,-0.454931,-0.36993,0.687682,-0.27032,0.782723,0.0423739,-0.00423296,-0.102938,-0.134792,-2.89373,3.78425
1,P8,0.418462,0.754597,-0.0198466,0.20502,-0.388146,-0.228067,-0.0641727,-1.28186,0.126579,-0.54082,2.90214,-0.351594,0.0787612,0.462088
2,P8,-0.154952,1.25028,0.188729,-0.0177799,0.208236,0.334254,0.260953,0.0463022,-0.335204,-1.57292,-2.32394,-0.150061,0.930018,-0.553143
3,P8,0.19796,0.0150711,-0.378787,0.268316,0.375537,-0.470812,-0.929431,0.329522,0.0871976,-0.10144,-2.47976,-0.0503895,0.125505,-3.4372
4,P8,0.322931,-3.03472,-0.00662587,0.203264,0.323236,0.66814,0.0722721,-0.498885,0.0709619,-1.30841,0.775478,-0.0658821,-1.64923,4.71509
5,P8,0.0713267,-1.01326,-0.185177,0.183247,-1.36282,0.186463,-0.190962,0.0379495,0.0489951,-0.87894,1.07642,-0.103257,2.41383,0.0188298
6,P8,-0.185143,0.423587,-0.300637,-0.338715,-0.467566,0.377689,0.565321,0.982962,0.288207,0.0718793,-2.05721,-0.315595,3.4147,0.0805806
7,P8,-0.134901,0.305312,0.249333,0.245598,0.291095,0.921266,0.0872591,-0.133067,-0.0870965,-2.15658,-3.08626,-0.108153,1.97915,-1.80753
8,P8,-0.303482,1.04436,-0.0612811,0.00149732,0.31941,0.718022,0.395691,-0.404873,0.276263,-1.21444,5.41572,0.0303015,1.85925,-1.9887
9,P8,-0.271141,-1.05167,-0.223739,0.562588,-0.433106,0.0495022,0.303283,0.276584,-0.194463,-0.0670684,-1.03927,0.204828,2.65506,-1.60157
10,P8,0.208815,-0.241932,-0.313521,0.18601,0.718563,0.932442,-0.140497,0.243789,0.264154,-1.18174,4.62866,0.264988,-3.84974,-0.851599
1,P9,-0.285286,-0.634986,-0.0184663,0.198289,-0.258147,0.27637,-0.52167,-1.11006,0.316688,-0.016438,-1.76575,0.176034,-0.874917,-0.768908
2,P9,0.555883,0.151168,-0.00770977,-0.0812728,1.16945,0.244026,-0.398802,-0.638265,-0.246692,-2.07074,-2.61474,-0.103352,-0.0784553,-0.203206
3,P9,0.1022,-1.94744,-0.136293,0.448387,0.153134,0.538214,0.018481,0.103259,-0.0997709,0.055524,0.371433,-0.0107935,-1.67541,-1.51919
4,P9,-0.377005,0.122765,-0.101692,-0.0477753,-0.789096,-1.35701,-0.155957,-0.48487,-0.167846,0.9407,-0.817183,-0.405676,-1.54924,1.81808
5,P9,-0.310229,2.89049,-0.345128,0.041818,-0.775868,-0.593898,0.0270507,0.321537,0.0766202,0.0255596,1.19921,0.25644,-1.5182,-1.6553
6,P9,0.143484,1.07164,0.425269,0.551459,-0.207256,0.00243007,-0.191837,-0.20348,0.240395,1.18976,0.836754,-0.0685687,3.02305,1.28586
7,P9,0.431882,1.22108,0.248758,0.420179,-0.262499,0.0145703,0.173941,-0.644331,-0.272327,-0.340321,0.83163,-0.0461672,0.436455,-0.705944
8,P9,0.131586,-1.4043,-0.185574,-0.324821,0.478797,-0.382768,-0.402067,0.532398,0.272068,-1.20289,2.82402,0.42303,-1.19066,-3.44183
9,P9,1.00753,1.10128,-0.380382,-0.0129164,-0.655309,0.635264,-0.0573421,0.238985,0.322239,-0.189359,-5.23247,-0.202703,-3.61898,4.8297
10,P9,-0.232744,-0.557968,0.0241697,0.221112,0.632163,0.420214,0.683601,-0.0381793,-0.104777,0.639945,-1.80259,0.122924,-1.40583,-1.04294
1,P10,0.518086,0.549336,-0.206219,-0.103004,0.36654,0.529699,0.414066,-0.31165,-0.105067,1.07379,0.336431,-0.425956,-0.0815395,-0.503125
2,P10,-0.0973322,1.20583,0.037812,0.015763,-0.729296,0.596066,0.457803,-0.392396,0.0542011,1.68397,-0.576336,0.0379744,4.00314,-0.98955
3,P10,-0.516618,-2.55162,0.13562,0.343252,0.45072,1.04765,-0.714195,-1.14615,0.174245,1.4702,-2.05976,0.393324,2.22842,0.0278443
4,P10,0.420242,0.568318,0.0788309,-0.00333304,0.531752,0.08339,0.131146,-0.654373,0.127375,1.99325,0.812597,-0.635969,-0.354987,0.0960195
5,P10,0.0581846,2.14628,-0.0633551,0.307764,0.251228,0.992209,0.0734138,-0.557671,-0.269161,0.863148,2.60404,-0.0623757,4.67888,1.47755
6,P10,0.747635,-2.03263,-0.106371,0.156336,-0.0898169,0.483869,0.396868,-0.601487,-0.0495433,0.286203,-0.237984,0.294896,-3.88124,-0.076605
7,P10,0.568909,-1.64621,-0.376137,-0.421226,-2.07976,0.576371,0.123067,-0.0587208,0.263493,1.82373,0.621123,-0.221313,0.558812,1.97008
8,P10,0.500217,1.47045,-0.139849,-0.244997,-0.257225,0.7292,-0.0696882,-0.0683516,0.0776102,1.10126,0.255772,-0.205624,-1.94108,1.52294
9,P10,0.201819,0.0145052,-0.212314,-0.143673,0.840042,0.599403,-0.202926,-0.00508218,-0.126268,0.816925,-1.39488,0.10653,1.3095,-0.363525
10,P10,0.16977,1.14817,-0.0349585,-0.412516,0.544538,-0.733336,0.0387334,-0.809045,0.211485,0.515249,-2.03233,0.258828,-0.561135,-3.83341
1,P5,-0.137365,0.355713,0.345608,0.521947,-0.248869,0.267956,0.116169,0.354556,0.0462532,1.27646,1.5243,-0.37563,3.60436,-0.594337
2,P5,0.466995,-0.54707,0.211571,0.437654,0.603691,0.845048,0.260936,0.59817,-0.0545823,0.315848,-0.792023,-0.215464,-3.90467,1.74048
3,P5,0.408394,-0.103827,-0.1293,0.141855,0.00217307,0.312088,-0.251384,0.0388659,-0.112065,1.05957,-0.549437,-0.256197,3.01512,0.824091
4,P5,0.623928,-2.73907,0.175772,0.208088,0.389883,-0.0391407,0.382053,-0.0668296,-0.255276,0.0978119,-0.299533,-0.00769608,-2.58296,-3.62924
5,P5,0.679206,1.38478,-0.317299,0.019656,0.494901,0.113929,0.366999,0.226834,-0.0754838,-0.436996,3.03952,-0.16944,-2.76908,-2.62932
6,P5,-0.178232,-1.14004,0.330059,0.159906,-0.82958,1.42488,-0.0528306,-1.03894,0.0488564,-0.027206,-2.1631,0.129853,0.960471,-1.46377
7,P5,-0.0912114,-1.63443,0.331788,0.619419,-0.175998,1.0258,0.20766,-0.947789,0.318049,1.22981,0.119097,0.341156,-0.73487,-2.2566
8,P5,0.382337,-1.28228,-0.183615,-0.211259,0.00910178,-0.285279,0.332585,-0.209988,-0.123142,0.744772,-0.506356,-0.566901,0.567299,0.806066
9,P5,0.649106,0.0881841,-0.0380199,0.583212,0.313882,0.742941,0.144155,-0.133381,0.0647537,0.225651,0.758683,0.386533,0.506271,-5.23699
10,P5,0.0862614,0.306162,-0.0455464,0.654614,0.363233,-0.661576,-0.395274,-0.520154,-0.174647,0.62766,-3.16467,0.346921,-8.05725,-2.14906
