id,time,y2,popPred_medianCOV,popPred,indivPred_SAEM,indivPred_mean,indivPred_mode,indWRes_SAEM,indWRes_mean,indWRes_mode
0,0,16.5,16.5,16.5,16.5,16.5,16.5,0.0358623,0.00246513,0.0238005
0,3.33333333333333,7.55254,7.87654,7.87654,7.51697,7.51715,7.5525,62.5489,62.2366,0.0613106
0,6.66666666666667,5.39077,5.68511,5.68511,5.36539,5.36552,5.39075,44.6334,44.4022,0.0199137
0,10,3.84776,4.10336,4.10336,3.82965,3.82975,3.84775,31.8493,31.6784,0.00971967
0,13.3333333333333,2.74641,2.96171,2.96171,2.73349,2.73356,2.74641,22.727,22.6009,-0.00198448
0,16.6666666666667,1.9603,2.13769,2.13769,1.95108,1.95113,1.96031,16.2182,16.1251,-0.0132343
0,20,1.3992,1.54293,1.54293,1.39262,1.39266,1.39921,11.5731,11.5043,-0.0109815
0,23.3333333333333,0.998707,1.11365,1.11365,0.994012,0.99404,0.998713,8.25817,8.20766,-0.008979
0,26.6666666666667,0.712846,0.803804,0.803804,0.709495,0.709516,0.712852,5.89279,5.85572,-0.0102642
0,30,0.508807,0.580167,0.580167,0.506416,0.506432,0.508812,4.2051,4.17797,-0.00789879
1,0,16.5,16.5,16.5,16.5,16.5,16.5,0.0232731,0.019882,0.0124016
1,3.33333333333333,7.54607,7.87654,7.87654,7.95121,7.95264,7.54606,-712.488,-714.999,0.0186561
1,6.66666666666667,5.31933,5.68511,5.68511,5.60492,5.60594,5.31935,-502.231,-504.027,-0.0293504
1,10,3.74967,4.10336,4.10336,3.95098,3.95171,3.74968,-354.021,-355.301,-0.00614893
1,13.3333333333333,2.6432,2.96171,2.96171,2.7851,2.78561,2.6432,-249.55,-250.442,0.00518319
1,16.6666666666667,1.86323,2.13769,2.13769,1.96326,1.96361,1.86323,-175.905,-176.533,0.00159609
1,20,1.31342,1.54293,1.54293,1.38392,1.38418,1.31342,-123.992,-124.437,0.0029043
1,23.3333333333333,0.925847,1.11365,1.11365,0.975546,0.975726,0.925843,-87.399,-87.7155,0.00825115
1,26.6666666666667,0.652643,0.803804,0.803804,0.687675,0.687802,0.652639,-61.6056,-61.8303,0.00818231
1,30,0.460058,0.580167,0.580167,0.484751,0.484841,0.460054,-43.4249,-43.5839,0.00644941
2,0,16.5,16.5,16.5,16.5,16.5,16.5,0.0157273,0.0098192,0.0131762
2,3.33333333333333,7.39715,7.87654,7.87654,7.32653,7.32758,7.39714,124.199,122.339,0.0147459
2,6.66666666666667,5.52011,5.68511,5.68511,5.46791,5.46865,5.52011,91.7957,90.4999,-0.00312529
2,10,4.11937,4.10336,4.10336,4.08079,4.0813,4.11937,67.8433,66.9411,-0.00923334
2,13.3333333333333,3.07407,2.96171,2.96171,3.04556,3.04592,3.07408,50.1326,49.5044,-0.0100304
2,16.6666666666667,2.29402,2.13769,2.13769,2.27295,2.2732,2.29402,37.045,36.6125,-0.0100903
2,20,1.71191,1.54293,1.54293,1.69634,1.69651,1.71191,27.3725,27.0753,-0.00936436
2,23.3333333333333,1.27751,1.11365,1.11365,1.26601,1.26612,1.27751,20.2223,20.0207,-0.00846273
2,26.6666666666667,0.953336,0.803804,0.803804,0.944841,0.944918,0.95334,14.9391,14.8034,-0.00719853
2,30,0.711425,0.580167,0.580167,0.70515,0.705201,0.711428,11.035,10.9447,-0.0045668
3,0,16.5,16.5,16.5,16.5,16.5,16.5,0.0336338,0.00730723,0.00349336
3,3.33333333333333,7.66457,7.87654,7.87654,7.53291,7.53446,7.66453,231.534,228.801,0.062797
3,6.66666666666667,5.40125,5.68511,5.68511,5.30846,5.30955,5.40124,163.179,161.261,0.0250737
3,10,3.80628,4.10336,4.10336,3.74087,3.74165,3.80628,115.041,113.669,0.0116493
3,13.3333333333333,2.6823,2.96171,2.96171,2.63619,2.63675,2.68229,81.0898,80.1109,0.0121644
3,16.6666666666667,1.89023,2.13769,2.13769,1.85773,1.85812,1.89022,57.1578,56.459,0.00901816
3,20,1.33205,1.54293,1.54293,1.30914,1.30943,1.33204,40.286,39.7898,0.01299
3,23.3333333333333,0.938702,1.11365,1.11365,0.922553,0.922756,0.938699,28.3985,28.0421,0.00484003
3,26.6666666666667,0.661507,0.803804,0.803804,0.650124,0.650269,0.661507,20.018,19.7634,-0.000221678
3,30,0.466167,0.580167,0.580167,0.458143,0.458246,0.466169,14.1102,13.9288,-0.00429533
4,0,16.5,16.5,16.5,16.5,16.5,16.5,0.0176398,0.0129706,0.0170529
4,3.33333333333333,7.73068,7.87654,7.87654,7.7005,7.69342,7.7307,53.0815,65.5366,-0.0211606
4,6.66666666666667,5.81236,5.68511,5.68511,5.78969,5.7843,5.81237,39.8732,49.3353,-0.0135125
4,10,4.37006,4.10336,4.10336,4.35301,4.34894,4.37006,29.9776,37.1392,-0.0103096
4,13.3333333333333,3.28565,2.96171,2.96171,3.27284,3.26975,3.28566,22.5346,27.9571,-0.006174
4,16.6666666666667,2.47034,2.13769,2.13769,2.4607,2.45837,2.47034,16.9391,21.0452,-0.00604336
4,20,1.85734,1.54293,1.54293,1.8501,1.84833,1.85734,12.735,15.8443,-0.00692989
4,23.3333333333333,1.39645,1.11365,1.11365,1.39101,1.38967,1.39645,9.57353,11.9294,-0.00130909
4,26.6666666666667,1.04993,0.803804,0.803804,1.04584,1.04482,1.04993,7.19711,8.9799,0.00138751
4,30,0.789395,0.580167,0.580167,0.786318,0.785551,0.789393,5.4106,6.75991,0.00282305
5,0,16.5,16.5,16.5,16.5,16.5,16.5,0.012926,0.0186277,0.0120679
5,3.33333333333333,7.41023,7.87654,7.87654,7.42509,7.42679,7.41023,-26.1335,-29.1113,0.0103893
5,6.66666666666667,5.17869,5.68511,5.68511,5.18908,5.19027,5.17869,-18.2655,-20.3625,-0.00679089
5,10,3.61916,4.10336,4.10336,3.62641,3.62725,3.61916,-12.7467,-14.2234,0.000996887
5,13.3333333333333,2.52927,2.96171,2.96171,2.53433,2.53493,2.52927,-8.89801,-9.95671,0.00468421
5,16.6666666666667,1.7676,2.13769,2.13769,1.77113,1.77155,1.7676,-6.21158,-6.95364,0.00268087
5,20,1.2353,1.54293,1.54293,1.23776,1.23806,1.2353,-4.33639,-4.8571,0.000454544
5,23.3333333333333,0.863295,1.11365,1.11365,0.865018,0.865225,0.863297,-3.02999,-3.39443,-0.00338667
5,26.6666666666667,0.603319,0.803804,0.803804,0.604523,0.604668,0.603321,-2.11625,-2.37125,-0.00267398
5,30,0.421634,0.580167,0.580167,0.422474,0.422576,0.421634,-1.47724,-1.65662,-0.00109475
6,0,16.5,16.5,16.5,16.5,16.5,16.5,-0.00265687,0.0246746,0.0114223
6,3.33333333333333,7.87083,7.87654,7.87654,8.08629,8.0852,7.87084,-378.89,-376.989,-0.00237013
6,6.66666666666667,5.83298,5.68511,5.68511,5.99273,5.9919,5.83299,-280.932,-279.475,-0.00372797
6,10,4.32276,4.10336,4.10336,4.44121,4.44057,4.32276,-208.3,-207.184,-6.20508e-05
6,13.3333333333333,3.20355,2.96171,2.96171,3.29137,3.29089,3.20355,-154.447,-153.6,0.000927628
6,16.6666666666667,2.37411,2.13769,2.13769,2.43923,2.43886,2.37411,-114.516,-113.872,0.00139558
6,20,1.75943,1.54293,1.54293,1.80771,1.80743,1.75943,-84.9094,-84.4161,0.00155144
6,23.3333333333333,1.30389,1.11365,1.11365,1.33969,1.33948,1.30389,-62.957,-62.5799,-0.00202452
6,26.6666666666667,0.966299,0.803804,0.803804,0.992843,0.992679,0.966299,-46.6802,-46.3922,-0.000174012
6,30,0.716113,0.580167,0.580167,0.735794,0.73567,0.716113,-34.6112,-34.3921,3.13484e-05
7,0,16.5,16.5,16.5,16.5,16.5,16.5,0.0326,0.021564,0.0126829
7,3.33333333333333,7.22173,7.87654,7.87654,6.84491,6.84642,7.22174,662.679,660.014,-0.0155329
7,6.66666666666667,5.05713,5.68511,5.68511,4.79327,4.79434,5.05714,464.023,462.133,-0.0228785
7,10,3.54133,4.10336,4.10336,3.35657,3.35733,3.54133,324.92,323.572,-0.00576023
7,13.3333333333333,2.47987,2.96171,2.96171,2.3505,2.35104,2.47987,227.512,226.553,-0.005719
7,16.6666666666667,1.73657,2.13769,2.13769,1.64598,1.64637,1.73657,159.304,158.617,-0.00138898
7,20,1.21606,1.54293,1.54293,1.15262,1.1529,1.21606,111.553,111.064,0.000208223
7,23.3333333333333,0.851563,1.11365,1.11365,0.807146,0.807342,0.851563,78.1116,77.7668,-0.000642913
7,26.6666666666667,0.59632,0.803804,0.803804,0.565218,0.565356,0.59632,54.6954,54.453,-0.000995137
7,30,0.417582,0.580167,0.580167,0.395804,0.395902,0.417582,38.299,38.1271,-8.07894e-05
8,0,16.5,16.5,16.5,16.5,16.5,16.5,0.0207949,0.0145379,0.0126612
8,3.33333333333333,7.97374,7.87654,7.87654,7.71996,7.71364,7.97374,446.301,457.406,-0.00251345
8,6.66666666666667,5.9548,5.68511,5.68511,5.76574,5.7609,5.95479,332.477,340.975,0.00481145
8,10,4.44705,4.10336,4.10336,4.30621,4.30251,4.44704,247.674,254.18,0.0071615
8,13.3333333333333,3.32106,2.96171,2.96171,3.21614,3.21331,3.32105,184.499,189.474,0.00904054
8,16.6666666666667,2.48017,2.13769,2.13769,2.40202,2.39985,2.48016,137.434,141.247,0.012621
8,20,1.85219,1.54293,1.54293,1.79397,1.79232,1.85219,102.38,105.294,0.00774512
8,23.3333333333333,1.38322,1.11365,1.11365,1.33985,1.33858,1.38321,76.2666,78.4912,0.00435626
8,26.6666666666667,1.03299,0.803804,0.803804,1.00068,0.999716,1.03298,56.8123,58.5104,0.00458237
8,30,0.771436,0.580167,0.580167,0.747371,0.746633,0.771433,42.3202,43.6166,0.0051376
9,0,16.5,16.5,16.5,16.5,16.5,16.5,-0.00952688,0.0278501,0.0147945
9,3.33333333333333,7.28034,7.87654,7.87654,7.43532,7.4588,7.28031,-272.548,-313.836,0.0537441
9,6.66666666666667,5.11477,5.68511,5.68511,5.22366,5.24016,5.11476,-191.501,-220.506,0.00943506
9,10,3.59336,4.10336,4.10336,3.66987,3.68146,3.59336,-134.546,-154.931,0.0053205
9,13.3333333333333,2.5245,2.96171,2.96171,2.57825,2.5864,2.5245,-94.535,-108.857,0.000370065
9,16.6666666666667,1.77357,2.13769,2.13769,1.81135,1.81707,1.77358,-66.4232,-76.4846,-0.00405028
9,20,1.24602,1.54293,1.54293,1.27256,1.27657,1.24602,-46.6712,-53.7393,-0.00593062
9,23.3333333333333,0.875383,1.11365,1.11365,0.894031,0.896854,0.875388,-32.7927,-37.758,-0.0080198
9,26.6666666666667,0.614997,0.803804,0.803804,0.628099,0.630082,0.615,-23.041,-26.5293,-0.00541335
9,30,0.432063,0.580167,0.580167,0.441268,0.442663,0.432063,-16.1877,-18.6405,0.000652243
