id,time,y0,popPred_medianCOV,popPred,indivPred_SAEM,indivPred_mean,indivPred_mode,indWRes_SAEM,indWRes_mean,indWRes_mode
0,0,2200.24,2200.24,2200.24,2200.24,2200.24,2200.24,0.00287059,0.00361206,0.00169698
0,3.33333333333333,6.6566e-11,-1.43433e-11,-1.43433e-11,-2.46887e-10,-2.12497e-10,1.64093e-11,9.87613e-09,8.7926e-09,1.58032e-09
0,6.66666666666667,-2.66311e-10,1.62242e-11,1.62242e-11,-8.81728e-10,-3.75178e-10,-8.40653e-10,1.93903e-08,3.43013e-09,1.80961e-08
0,10,-4.4623e-09,3.41695e-11,3.41695e-11,-2.93143e-09,-2.22993e-10,4.67247e-09,-4.82341e-08,-1.33571e-07,-2.87815e-07
0,13.3333333333333,-1.51134e-09,1.0162e-08,1.0162e-08,-8.12387e-10,5.1922e-11,9.35926e-11,-2.20225e-08,-4.92548e-08,-5.05677e-08
0,16.6666666666667,-1.05993e-10,-7.60788e-10,-7.60788e-10,1.83123e-09,7.7075e-09,1.52229e-10,-6.10373e-08,-2.46184e-07,-8.13594e-09
0,20,4.27853e-10,1.31969e-09,1.31969e-09,3.56675e-09,-3.94695e-10,3.55216e-09,-9.88991e-08,2.59165e-08,-9.84394e-08
0,23.3333333333333,5.30613e-09,-4.80596e-10,-4.80596e-10,4.43315e-11,3.16512e-09,2.56954e-08,1.65786e-07,6.74579e-08,-6.42418e-07
0,26.6666666666667,4.65345e-09,-1.50227e-09,-1.50227e-09,1.77102e-10,-2.82131e-09,1.13155e-11,1.41039e-07,2.35512e-07,1.46262e-07
0,30,6.00275e-10,6.14348e-09,6.14348e-09,1.26118e-10,-4.95485e-10,-8.6834e-12,1.49395e-08,3.45248e-08,1.91868e-08
1,0,2200.24,2200.24,2200.24,2200.24,2200.24,2200.24,0.0487215,0.00555333,0.00188797
1,3.33333333333333,-2.89917e-11,-1.43433e-11,-1.43433e-11,-2.80629e-12,8.53458e-11,-7.08283e-13,-8.25039e-10,-3.6025e-09,-8.91142e-10
1,6.66666666666667,1.2102e-10,1.62242e-11,1.62242e-11,1.58868e-10,-2.22058e-10,-1.2393e-11,-1.1925e-09,1.08096e-08,4.20353e-09
1,10,8.29735e-10,3.41695e-11,3.41695e-11,6.83588e-09,-1.75076e-11,-1.17245e-09,-1.89239e-07,2.66946e-08,6.30839e-08
1,13.3333333333333,8.30949e-10,1.0162e-08,1.0162e-08,1.09348e-11,1.52463e-09,-1.29362e-08,2.58367e-08,-2.18561e-08,4.33771e-07
1,16.6666666666667,-9.99683e-10,-7.60788e-10,-7.60788e-10,-4.65863e-12,-2.47807e-09,-9.5034e-12,-3.13508e-08,4.65804e-08,-3.11982e-08
1,20,2.89816e-09,1.31969e-09,1.31969e-09,7.5751e-10,2.6383e-09,-4.33812e-10,6.74468e-08,8.18769e-09,1.04982e-07
1,23.3333333333333,-3.2945e-09,-4.80596e-10,-4.80596e-10,5.79798e-09,-8.01362e-09,-3.7845e-09,-2.86482e-07,1.48688e-07,1.54387e-08
1,26.6666666666667,-4.63509e-09,-1.50227e-09,-1.50227e-09,7.9517e-09,4.07861e-09,-3.41376e-10,-3.9658e-07,-2.74548e-07,-1.35285e-07
1,30,2.33083e-09,6.14348e-09,6.14348e-09,-3.33521e-10,-7.82592e-11,-1.30504e-09,8.39474e-08,7.59047e-08,1.14558e-07
2,0,2200.24,2200.24,2200.24,2200.24,2200.24,2200.24,-0.0156153,-0.000971852,0.00886056
2,3.33333333333333,-1.35169e-10,-1.43433e-11,-1.43433e-11,-8.61304e-11,3.80039e-10,7.26806e-10,-1.54508e-09,-1.62329e-08,-2.71588e-08
2,6.66666666666667,-6.95287e-12,1.62242e-11,1.62242e-11,1.57317e-09,4.19201e-09,3.41318e-09,-4.97857e-08,-1.32299e-07,-1.0776e-07
2,10,-1.90253e-11,3.41695e-11,3.41695e-11,-1.45488e-09,3.67521e-11,3.70645e-10,4.52404e-08,-1.75741e-09,-1.22776e-08
2,13.3333333333333,6.37707e-09,1.0162e-08,1.0162e-08,-1.8026e-10,-2.32359e-10,2.27934e-09,2.06606e-07,2.08247e-07,1.2911e-07
2,16.6666666666667,1.31355e-09,-7.60788e-10,-7.60788e-10,2.81491e-09,1.34665e-09,3.9905e-10,-4.73044e-08,-1.04292e-09,2.88137e-08
2,20,1.33422e-10,1.31969e-09,1.31969e-09,8.98269e-09,1.03341e-10,6.04769e-10,-2.78819e-07,9.47759e-10,-1.4851e-08
2,23.3333333333333,1.17586e-10,-4.80596e-10,-4.80596e-10,6.35541e-10,-1.68472e-10,1.23772e-09,-1.63195e-08,9.01298e-09,-3.52926e-08
2,26.6666666666667,1.32592e-08,-1.50227e-09,-1.50227e-09,1.87393e-09,-1.51602e-10,7.19297e-10,3.58721e-07,4.22541e-07,3.95101e-07
2,30,-9.27292e-11,6.14348e-09,6.14348e-09,1.32078e-09,7.57759e-10,6.28439e-09,-4.45362e-08,-2.67968e-08,-2.00928e-07
3,0,2200.24,2200.24,2200.24,2200.24,2200.24,2200.24,0.00227573,0.00247894,0.0189935
3,3.33333333333333,2.18632e-12,-1.43433e-11,-1.43433e-11,-3.07931e-14,-7.08322e-14,4.26122e-11,6.98558e-11,7.11173e-11,-1.27372e-09
3,6.66666666666667,-3.97794e-11,1.62242e-11,1.62242e-11,-4.37232e-12,6.75855e-13,-1.72143e-09,-1.11559e-09,-1.27465e-09,5.29848e-08
3,10,-1.23431e-10,3.41695e-11,3.41695e-11,-7.82638e-11,-2.53043e-12,-2.05962e-13,-1.42311e-09,-3.80928e-09,-3.88252e-09
3,13.3333333333333,5.24179e-09,1.0162e-08,1.0162e-08,2.09241e-09,7.17276e-11,-2.94151e-12,9.92294e-08,1.62896e-07,1.65249e-07
3,16.6666666666667,-5.02573e-09,-7.60788e-10,-7.60788e-10,3.16377e-10,8.31947e-10,-3.18308e-11,-1.68317e-07,-1.84561e-07,-1.57346e-07
3,20,7.26935e-09,1.31969e-09,1.31969e-09,1.08508e-10,-2.30611e-08,-2.53306e-11,2.25621e-07,9.5564e-07,2.29838e-07
3,23.3333333333333,-7.48531e-11,-4.80596e-10,-4.80596e-10,-2.56814e-10,3.14871e-10,2.17604e-09,5.73315e-09,-1.22793e-08,-7.09203e-08
3,26.6666666666667,-4.86046e-11,-1.50227e-09,-1.50227e-09,2.78123e-10,1.62576e-09,-2.49494e-09,-1.02944e-08,-5.27552e-08,7.70782e-08
3,30,-2.87583e-11,6.14348e-09,6.14348e-09,-2.31336e-09,2.919e-09,-5.4287e-11,7.19822e-08,-9.28769e-08,8.04347e-10
4,0,2200.24,2200.24,2200.24,2200.24,2200.24,2200.24,0.0306953,0.00535643,0.00935437
4,3.33333333333333,1.87813e-11,-1.43433e-11,-1.43433e-11,-1.04374e-10,2.50438e-09,2.61389e-10,3.88032e-09,-7.83152e-08,-7.64397e-09
4,6.66666666666667,-1.83601e-10,1.62242e-11,1.62242e-11,1.0178e-09,-3.59102e-10,3.21896e-10,-3.78531e-08,5.52961e-09,-1.5927e-08
4,10,-7.00418e-09,3.41695e-11,3.41695e-11,1.91486e-08,-4.08301e-09,5.42329e-09,-8.24012e-07,-9.20393e-08,-3.9156e-07
4,13.3333333333333,-4.71604e-09,1.0162e-08,1.0162e-08,-7.0667e-12,-3.48733e-12,1.88203e-10,-1.48368e-07,-1.48481e-07,-1.54521e-07
4,16.6666666666667,-3.72125e-09,-7.60788e-10,-7.60788e-10,9.09582e-10,-1.87021e-11,5.5023e-11,-1.45906e-07,-1.16658e-07,-1.18981e-07
4,20,-1.91181e-11,1.31969e-09,1.31969e-09,3.51994e-09,-4.15512e-10,-2.61753e-09,-1.11507e-07,1.24894e-08,8.18698e-08
4,23.3333333333333,7.97198e-11,-4.80596e-10,-4.80596e-10,-3.50968e-10,1.06762e-09,-2.84331e-10,1.35699e-08,-3.11265e-08,1.14704e-08
4,26.6666666666667,1.80939e-10,-1.50227e-09,-1.50227e-09,-8.0176e-10,1.92814e-09,-6.02368e-09,3.09625e-08,-5.50502e-08,1.95493e-07
4,30,-1.63642e-09,6.14348e-09,6.14348e-09,-2.14338e-09,-1.61571e-09,-1.79271e-10,1.59732e-08,-6.52556e-10,-4.59113e-08
5,0,2200.24,2200.24,2200.24,2200.24,2200.24,2200.24,0.0153201,0.0139069,0.0025006
5,3.33333333333333,1.02917e-10,-1.43433e-11,-1.43433e-11,9.55548e-11,1.58205e-11,-9.95026e-12,2.31965e-10,2.7442e-09,3.55617e-09
5,6.66666666666667,-1.94687e-10,1.62242e-11,1.62242e-11,-1.23004e-09,-9.60115e-10,-2.45982e-11,3.26214e-08,2.41168e-08,-5.35908e-09
5,10,-2.9123e-09,3.41695e-11,3.41695e-11,-6.31175e-10,-1.46573e-10,3.13897e-10,-7.18727e-08,-8.71413e-08,-1.0165e-07
5,13.3333333333333,5.30861e-09,1.0162e-08,1.0162e-08,1.99546e-09,1.97349e-10,9.29059e-10,1.04389e-07,1.61044e-07,1.37989e-07
5,16.6666666666667,2.79297e-10,-7.60788e-10,-7.60788e-10,-4.06252e-10,6.35117e-09,-8.08969e-10,2.16e-08,-1.9131e-07,3.42886e-08
5,20,2.25459e-09,1.31969e-09,1.31969e-09,5.17781e-10,2.5042e-11,2.00935e-10,5.47227e-08,7.02478e-08,6.47058e-08
5,23.3333333333333,-2.8616e-09,-4.80596e-10,-4.80596e-10,-1.86094e-11,-1.82828e-09,-8.11074e-11,-8.95759e-08,-3.25576e-08,-8.76068e-08
5,26.6666666666667,-2.25289e-09,-1.50227e-09,-1.50227e-09,-2.97228e-09,-1.35209e-09,2.17727e-09,2.26665e-08,-2.83819e-08,-1.39583e-07
5,30,-7.1777e-09,6.14348e-09,6.14348e-09,4.12628e-10,5.15807e-09,3.54146e-09,-2.39153e-07,-3.8867e-07,-3.37735e-07
6,0,2200.24,2200.24,2200.24,2200.24,2200.24,2200.24,0.0336802,0.00999033,0.00160363
6,3.33333333333333,-3.8397e-13,-1.43433e-11,-1.43433e-11,-2.37334e-10,-2.49658e-10,-9.96522e-12,7.46573e-09,7.85402e-09,3.01882e-10
6,6.66666666666667,-5.62308e-12,1.62242e-11,1.62242e-11,-1.27354e-09,-5.44145e-12,1.09488e-10,3.99489e-08,-5.72264e-12,-3.62686e-09
6,10,7.76176e-11,3.41695e-11,3.41695e-11,4.52861e-09,-2.51617e-09,7.2771e-10,-1.4024e-07,8.1724e-08,-2.04828e-08
6,13.3333333333333,-1.4119e-08,1.0162e-08,1.0162e-08,3.04144e-09,-1.17617e-10,-4.62336e-10,-5.40683e-07,-4.41148e-07,-4.30287e-07
6,16.6666666666667,5.89525e-10,-7.60788e-10,-7.60788e-10,-1.2382e-09,4.0747e-10,2.98687e-10,5.75872e-08,5.73613e-09,9.16364e-09
6,20,-1.78194e-09,1.31969e-09,1.31969e-09,-6.82003e-11,-6.11915e-10,-6.06003e-10,-5.39957e-08,-3.68645e-08,-3.70508e-08
6,23.3333333333333,7.94791e-09,-4.80596e-10,-4.80596e-10,2.93046e-09,-1.30214e-08,-4.22977e-12,1.58088e-07,6.60691e-07,2.50553e-07
6,26.6666666666667,-1.14802e-08,-1.50227e-09,-1.50227e-09,-2.567e-09,2.58123e-09,-2.27047e-11,-2.80835e-07,-4.43043e-07,-3.61e-07
6,30,2.11149e-11,6.14348e-09,6.14348e-09,-9.30518e-10,-1.01066e-09,-6.98138e-09,2.99837e-08,3.25088e-08,2.20632e-07
7,0,2200.24,2200.24,2200.24,2200.24,2200.24,2200.24,0.00505359,-0.00591216,-0.00350063
7,3.33333333333333,3.55066e-14,-1.43433e-11,-1.43433e-11,8.22954e-10,9.2383e-10,-2.20917e-10,-2.59282e-08,-2.91065e-08,6.96169e-09
7,6.66666666666667,-3.55658e-13,1.62242e-11,1.62242e-11,2.119e-09,1.35005e-09,-4.66991e-10,-6.67757e-08,-4.25482e-08,1.47025e-08
7,10,-1.87788e-11,3.41695e-11,3.41695e-11,-3.48086e-09,9.16203e-10,-5.39799e-11,1.09082e-07,-2.9459e-08,1.1091e-09
7,13.3333333333333,-7.18835e-11,1.0162e-08,1.0162e-08,-1.63579e-12,1.09093e-09,1.32577e-10,-2.21334e-09,-3.66374e-08,-6.44205e-09
7,16.6666666666667,-5.91532e-08,-7.60788e-10,-7.60788e-10,-7.04228e-11,-6.02939e-12,-6.96632e-10,-1.86155e-06,-1.86358e-06,-1.84182e-06
7,20,-2.12851e-11,1.31969e-09,1.31969e-09,-8.25408e-10,-1.88684e-10,2.77312e-10,2.5336e-08,5.27435e-09,-9.40807e-09
7,23.3333333333333,2.50518e-10,-4.80596e-10,-4.80596e-10,-1.09936e-08,-1.00405e-09,2.31639e-09,3.54277e-07,3.95283e-08,-6.50907e-08
7,26.6666666666667,-7.34922e-11,-1.50227e-09,-1.50227e-09,5.41975e-11,-5.00828e-09,-5.90192e-09,-4.0232e-09,1.55483e-07,1.8364e-07
7,30,-2.66609e-09,6.14348e-09,6.14348e-09,-1.11034e-09,5.57068e-08,-1.47717e-10,-4.90179e-08,-1.83919e-06,-7.93477e-08
8,0,2200.24,2200.24,2200.24,2200.24,2200.24,2200.24,0.0083017,-0.0040779,0.00341812
8,3.33333333333333,5.64152e-11,-1.43433e-11,-1.43433e-11,1.30472e-10,-3.06337e-10,2.86964e-10,-2.33336e-09,1.14294e-08,-7.26403e-09
8,6.66666666666667,-2.28351e-10,1.62242e-11,1.62242e-11,6.95294e-11,-4.46733e-09,6.23821e-09,-9.38551e-09,1.3356e-07,-2.03746e-07
8,10,-7.44383e-10,3.41695e-11,3.41695e-11,4.31455e-08,-7.70116e-11,9.60877e-11,-1.38286e-06,-2.10273e-08,-2.64812e-08
8,13.3333333333333,1.40466e-08,1.0162e-08,1.0162e-08,6.22877e-11,7.77734e-11,-2.49881e-09,4.40612e-07,4.40124e-07,5.21307e-07
8,16.6666666666667,-1.07576e-10,-7.60788e-10,-7.60788e-10,-8.06831e-11,-6.43119e-10,-9.20444e-12,-8.47337e-10,1.68737e-08,-3.09946e-09
8,20,-2.42496e-11,1.31969e-09,1.31969e-09,5.87861e-10,-8.8002e-10,-7.40045e-10,-1.92861e-08,2.69633e-08,2.2553e-08
8,23.3333333333333,-1.85898e-10,-4.80596e-10,-4.80596e-10,1.555e-08,-1.80509e-10,7.79825e-10,-4.95801e-07,-1.69786e-10,-3.04276e-08
8,26.6666666666667,3.6074e-09,-1.50227e-09,-1.50227e-09,6.87558e-11,-1.11471e-10,1.46494e-11,1.11494e-07,1.17173e-07,1.13199e-07
8,30,-8.10038e-09,6.14348e-09,6.14348e-09,-4.09588e-10,9.50012e-11,-3.46602e-09,-2.42318e-07,-2.58217e-07,-1.46018e-07
9,0,2200.24,2200.24,2200.24,2200.24,2200.24,2200.24,0.00868114,-0.0115134,0.00534736
9,3.33333333333333,1.31095e-10,-1.43433e-11,-1.43433e-11,3.06185e-11,-2.43822e-10,1.08928e-11,3.16576e-09,1.18127e-08,3.78727e-09
9,6.66666666666667,-3.49228e-10,1.62242e-11,1.62242e-11,-1.39473e-10,2.67719e-09,4.25177e-11,-6.60888e-09,-9.5355e-08,-1.2343e-08
9,10,-1.30291e-09,3.41695e-11,3.41695e-11,5.92471e-09,4.95149e-09,2.41994e-09,-2.27725e-07,-1.97061e-07,-1.17298e-07
9,13.3333333333333,-5.94353e-11,1.0162e-08,1.0162e-08,-1.08415e-09,-1.80141e-09,-1.47847e-09,3.22863e-08,5.48855e-08,4.47104e-08
9,16.6666666666667,3.80838e-11,-7.60788e-10,-7.60788e-10,-6.51957e-10,-2.35107e-09,4.76711e-10,2.17415e-08,7.52763e-08,-1.38201e-08
9,20,2.50861e-10,1.31969e-09,1.31969e-09,-5.35129e-09,5.19559e-10,-1.78591e-09,1.7651e-07,-8.46601e-09,6.41738e-08
9,23.3333333333333,4.52606e-09,-4.80596e-10,-4.80596e-10,7.99077e-10,2.38136e-09,-4.22043e-11,1.17428e-07,6.75743e-08,1.43935e-07
9,26.6666666666667,2.40705e-10,-1.50227e-09,-1.50227e-09,-1.43175e-09,1.50425e-09,3.08434e-10,5.26949e-08,-3.98112e-08,-2.13398e-09
9,30,-6.77602e-12,6.14348e-09,6.14348e-09,4.18334e-11,5.6868e-12,-1.19476e-08,-1.53157e-09,-3.92674e-10,3.76225e-07
