id,time,y1,popPred_medianCOV,popPred,indivPred_SAEM,indivPred_mean,indivPred_mode,indWRes_SAEM,indWRes_mean,indWRes_mode
0,0,50,50.0008,50.0008,50.0007,50.0009,50.0007,-0.063832,-0.079976,-0.0657843
0,3.33333333333333,146.948,125.521,125.521,138.937,138.891,146.948,742.465,746.772,-0.0120472
0,6.66666666666667,99.384,84.9206,84.9206,93.9661,93.9348,99.3841,502.157,505.05,-0.0130496
0,10,67.2154,57.4524,57.4524,63.551,63.5301,67.2153,339.628,341.571,0.00917858
0,13.3333333333333,45.4591,38.869,38.869,42.9808,42.9667,45.459,229.704,231.009,0.00880738
0,16.6666666666667,30.7449,26.2966,26.2966,29.0687,29.0593,30.7449,155.358,156.235,-0.000419484
0,20,20.7934,17.7908,17.7908,19.6597,19.6534,20.7934,105.075,105.664,0.00541583
0,23.3333333333333,14.063,12.0362,12.0362,13.2962,13.292,14.0629,71.0661,71.4615,0.00745673
0,26.6666666666667,9.51109,8.14306,8.14306,8.99251,8.98964,9.51105,48.0647,48.3303,0.00360018
0,30,6.43254,5.50916,5.50916,6.0818,6.07988,6.4325,32.5082,32.6867,0.00419783
1,0,50,50.0008,50.0008,50.0007,50.0007,50.0007,-0.0694292,-0.0661986,-0.0675378
1,3.33333333333333,148.489,125.521,125.521,138.502,138.449,148.489,925.67,930.537,0.0175349
1,6.66666666666667,104.477,84.9206,84.9206,97.4498,97.4128,104.477,651.279,654.704,-0.0309834
1,10,73.5095,57.4524,57.4524,68.5656,68.5395,73.5096,458.224,460.638,-0.00526138
1,13.3333333333333,51.7211,38.869,38.869,48.2427,48.2242,51.7211,322.394,324.115,0.00716633
1,16.6666666666667,36.3909,26.2966,26.2966,33.9435,33.9304,36.3908,226.83,228.051,0.00344026
1,20,25.6045,17.7908,17.7908,23.8826,23.8733,25.6045,159.595,160.457,0.00469038
1,23.3333333333333,18.0153,12.0362,12.0362,16.8038,16.7972,18.0152,112.29,112.898,0.0101106
1,26.6666666666667,12.6755,8.14306,8.14306,11.8231,11.8185,12.6754,79.0059,79.4355,0.00979325
1,30,8.91847,5.50916,5.50916,8.31872,8.31544,8.91838,55.5873,55.8911,0.00774012
2,0,50,50.0008,50.0008,50.0007,50.0009,50.0008,-0.0693224,-0.0799934,-0.0706812
2,3.33333333333333,119.858,125.521,125.521,142.956,142.845,119.857,-2140.86,-2130.52,0.0245644
2,6.66666666666667,78.0308,84.9206,84.9206,93.0422,92.9734,78.0309,-1391.32,-1384.93,-0.00260507
2,10,50.8004,57.4524,57.4524,60.5559,60.5137,50.8004,-904.185,-900.272,-0.00245612
2,13.3333333333333,33.0725,38.869,38.869,39.4126,39.3869,33.0725,-587.618,-585.239,0.00363719
2,16.6666666666667,21.5312,26.2966,26.2966,25.6514,25.6358,21.5311,-381.874,-380.428,0.00487487
2,20,14.0174,17.7908,17.7908,16.695,16.6856,14.0174,-248.163,-247.293,0.00512349
2,23.3333333333333,9.12577,12.0362,12.0362,10.8658,10.8602,9.12572,-161.273,-160.751,0.00432552
2,26.6666666666667,5.94115,8.14306,8.14306,7.07191,7.06855,5.9411,-104.804,-104.493,0.00396691
2,30,3.86786,5.50916,5.50916,4.60269,4.60071,3.86779,-68.1071,-67.9234,0.00639054
3,0,50,50.0008,50.0008,50.0009,50.0008,50.0009,-0.0828951,-0.0762447,-0.0859478
3,3.33333333333333,145.227,125.521,125.521,145.872,145.794,145.227,-59.7779,-52.5218,0.0127904
3,6.66666666666667,99.7045,84.9206,84.9206,100.147,100.093,99.7046,-41.0289,-36.0452,-0.00841901
3,10,68.4513,57.4524,57.4524,68.7546,68.7181,68.4514,-28.1115,-24.7232,-0.00874139
3,13.3333333333333,46.9947,38.869,38.869,47.2027,47.1779,46.9947,-19.2795,-16.9731,0.000772623
3,16.6666666666667,32.2639,26.2966,26.2966,32.4065,32.3896,32.2638,-13.2232,-11.6539,0.00414867
3,20,22.1505,17.7908,17.7908,22.2484,22.2368,22.1504,-9.07264,-8.00218,0.0134379
3,23.3333333333333,15.2073,12.0362,12.0362,15.2744,15.2665,15.2072,-6.21997,-5.49453,0.00514335
3,26.6666666666667,10.4404,8.14306,8.14306,10.4864,10.4811,10.4404,-4.26508,-3.77207,7.22261e-05
3,30,7.16779,5.50916,5.50916,7.19935,7.19573,7.16783,-2.92512,-2.58955,-0.00404284
4,0,50,50.0008,50.0008,50.0009,50.0008,50.0009,-0.0821555,-0.0752249,-0.0842753
4,3.33333333333333,152.109,125.521,125.521,139.517,140.056,152.109,1167.06,1117.15,-0.00738674
4,6.66666666666667,103.786,84.9206,84.9206,95.1955,95.5615,103.786,796.242,762.318,-0.000690552
4,10,70.815,57.4524,57.4524,64.953,65.2025,70.815,543.317,520.188,-0.00289066
4,13.3333333333333,48.3181,38.869,38.869,44.3183,44.4883,48.3181,370.724,354.962,0.0006876
4,16.6666666666667,32.9682,26.2966,26.2966,30.2389,30.3548,32.9682,252.957,242.217,-0.00371815
4,20,22.4947,17.7908,17.7908,20.6324,20.7113,22.4948,172.605,165.288,-0.0077839
4,23.3333333333333,15.3485,12.0362,12.0362,14.0777,14.1315,15.3484,117.775,112.793,0.00208837
4,26.6666666666667,10.4725,8.14306,8.14306,9.60541,9.64206,10.4724,80.3632,76.9665,0.00520376
4,30,7.14553,5.50916,5.50916,6.55389,6.57887,7.14546,54.8353,52.5201,0.00612842
5,0,50,50.0008,50.0008,50.0007,50.0007,50.0007,-0.0610482,-0.0628997,-0.067386
5,3.33333333333333,138.77,125.521,125.521,136.141,136.031,138.77,243.618,253.852,0.00970097
5,6.66666666666667,94.7946,84.9206,84.9206,92.9987,92.9241,94.7947,166.446,173.36,-0.0123809
5,10,64.7547,57.4524,57.4524,63.5275,63.4771,64.7547,113.744,118.414,-0.00176127
5,13.3333333333333,44.2343,38.869,38.869,43.3957,43.3619,44.2343,77.7255,80.8576,0.00331272
5,16.6666666666667,30.2167,26.2966,26.2966,29.6437,29.6208,30.2167,53.1126,55.2314,0.0011634
5,20,20.6412,17.7908,17.7908,20.2496,20.2342,20.6412,36.2935,37.726,-0.0011688
5,23.3333333333333,14.1001,12.0362,12.0362,13.8326,13.8221,14.1002,24.7975,25.767,-0.00516712
5,26.6666666666667,9.63188,8.14306,8.14306,9.44907,9.44199,9.63193,16.9439,17.5999,-0.00399748
5,30,6.5796,5.50916,5.50916,6.45467,6.44989,6.57962,11.5785,12.0214,-0.00193594
6,0,50,50.0008,50.0008,50.001,50.0007,50.0007,-0.0894192,-0.0639659,-0.0664692
6,3.33333333333333,132.858,125.521,125.521,129.795,129.878,132.858,283.908,276.173,0.00801183
6,6.66666666666667,86.4446,84.9206,84.9206,84.4511,84.5057,86.4447,184.77,179.704,-0.00752819
6,10,56.2455,57.4524,57.4524,54.948,54.9838,56.2455,120.251,116.933,-0.000123528
6,13.3333333333333,36.5963,38.869,38.869,35.7519,35.7755,36.5963,78.2599,76.0706,-0.000842084
6,16.6666666666667,23.8115,26.2966,26.2966,23.262,23.2775,23.8115,50.9319,49.4936,-0.00111079
6,20,15.493,17.7908,17.7908,15.1354,15.1455,15.493,33.1466,32.2074,-0.00111688
6,23.3333333333333,10.0806,12.0362,12.0362,9.84784,9.85446,10.0807,21.5719,20.9587,-0.00719543
6,26.6666666666667,6.55897,8.14306,8.14306,6.40749,6.41182,6.55899,14.0391,13.6385,-0.00258214
6,30,4.26761,5.50916,5.50916,4.16903,4.17186,4.26763,9.13717,8.8746,-0.00197667
7,0,50,50.0008,50.0008,50.0008,50.0007,50.0007,-0.0718201,-0.0662383,-0.0676406
7,3.33333333333333,125.978,125.521,125.521,132.624,132.893,125.978,-615.94,-640.889,-0.00544317
7,6.66666666666667,80.5329,84.9206,84.9206,84.7806,84.9533,80.5332,-393.699,-409.705,-0.0300333
7,10,51.4814,57.4524,57.4524,54.1965,54.3075,51.4814,-251.646,-261.932,-0.000215382
7,13.3333333333333,32.91,38.869,38.869,34.6456,34.7168,32.9101,-160.858,-167.462,-0.00418978
7,16.6666666666667,21.0381,26.2966,26.2966,22.1475,22.1934,21.0381,-102.827,-107.077,0.000990735
7,20,13.4488,17.7908,17.7908,14.1578,14.1873,13.4488,-65.7149,-68.4479,0.001882
7,23.3333333333333,8.59727,12.0362,12.0362,9.05048,9.06936,8.59728,-42.0053,-43.7544,-0.000147014
7,26.6666666666667,5.49589,8.14306,8.14306,5.78558,5.79765,5.4959,-26.8496,-27.9682,-0.000941823
7,30,3.51331,5.50916,5.50916,3.69847,3.70622,3.51331,-17.1619,-17.8799,-2.31941e-05
8,0,50,50.0008,50.0008,50.001,50.0007,50.0007,-0.092267,-0.0603331,-0.0643454
8,3.33333333333333,128.339,125.521,125.521,133.976,133.939,128.339,-522.451,-519.069,0.00830998
8,6.66666666666667,87.079,84.9206,84.9206,90.9029,90.8782,87.0789,-354.413,-352.129,0.00475718
8,10,59.0838,57.4524,57.4524,61.6781,61.6612,59.0838,-240.447,-238.88,-0.000762468
8,13.3333333333333,40.0889,38.869,38.869,41.8489,41.8374,40.0889,-163.128,-162.063,-0.000554603
8,16.6666666666667,27.2006,26.2966,26.2966,28.3948,28.3867,27.2006,-110.679,-109.931,0.00511436
8,20,18.4559,17.7908,17.7908,19.2659,19.2604,18.4559,-75.0812,-74.5702,-0.00305674
8,23.3333333333333,12.5225,12.0362,12.0362,13.072,13.0682,12.5225,-50.9336,-50.5854,-0.00674297
8,26.6666666666667,8.4966,8.14306,8.14306,8.86941,8.86685,8.49665,-34.5541,-34.3162,-0.00445719
8,30,5.76501,5.50916,5.50916,6.01794,6.01617,5.76504,-23.4421,-23.2782,-0.00203914
9,0,50,50.0008,50.0008,50.0005,50.0008,50.0008,-0.050416,-0.0709469,-0.0718494
9,3.33333333333333,138.906,125.521,125.521,128.996,127.859,138.906,918.546,1023.92,-0.00570347
9,6.66666666666667,98.4778,84.9206,84.9206,91.4525,90.646,98.478,651.136,725.88,-0.0156139
9,10,69.8159,57.4524,57.4524,64.8357,64.2637,69.8159,461.583,514.596,-0.00225151
9,13.3333333333333,49.496,38.869,38.869,45.9657,45.56,49.496,327.207,364.81,0.00246682
9,16.6666666666667,35.0902,26.2966,26.2966,32.5876,32.2999,35.0902,231.95,258.623,0.00283815
9,20,24.8772,17.7908,17.7908,23.1032,22.8991,24.8772,164.424,183.345,0.00273248
9,23.3333333333333,17.6367,12.0362,12.0362,16.3792,16.2344,17.6367,116.556,129.978,0.000833903
9,26.6666666666667,12.5036,8.14306,8.14306,11.6121,11.5094,12.5035,82.6243,92.1447,0.00258363
9,30,8.86441,5.50916,5.50916,8.23246,8.15962,8.86434,58.572,65.3233,0.0073209
