id,time,y,popPred_medianCOV,popPred,indivPred_SAEM,indivPred_mean,indivPred_mode,indWRes_SAEM,indWRes_mean,indWRes_mode
0,0,13.5448,8.70236,8.70236,10.5637,11.1342,10.4481,0.0978973,0.0791627,0.101691
0,10,65.4254,36.3252,36.3252,52.6777,54.267,51.8939,0.41862,0.366429,0.444358
0,20,222.822,134.724,134.724,210.376,211.932,207.14,0.408706,0.357619,0.51499
0,30,485.683,357.659,357.659,481.291,479.429,476.441,0.144234,0.205396,0.3035
0,40,612.105,577.569,577.569,635.06,632.815,631.572,-0.753801,-0.680077,-0.639255
0,50,621.583,672.754,672.754,675.648,674.24,672.979,-1.77542,-1.7292,-1.68779
0,60,689.471,699.273,699.273,683.864,682.822,681.42,0.184136,0.218352,0.264404
0,70,674.583,705.675,705.675,685.432,684.495,683.035,-0.356246,-0.325502,-0.277543
0,80,676.821,707.162,707.162,685.727,684.818,683.343,-0.29246,-0.262608,-0.214169
0,90,686.976,707.505,707.505,685.783,684.88,683.403,0.0391844,0.0688454,0.11734
0,100,690.508,707.583,707.583,685.794,684.892,683.414,0.154816,0.184434,0.232968
0,110,718.455,707.601,707.601,685.796,684.894,683.417,1.0725,1.1021,1.15062
1,1,34.9063,10.0601,10.0601,11.0922,10.5945,10.5652,0.782028,0.798369,0.799333
1,11,63.8477,41.7352,41.7352,49.0458,47.5137,46.7276,0.486078,0.536389,0.562203
1,21,179.928,151.481,151.481,183.022,180.26,175.88,-0.101617,-0.0109039,0.132946
1,31,418.153,383.576,383.576,440.4,440.121,432.122,-0.730551,-0.721396,-0.458717
1,41,636.28,592.443,592.443,629.907,632.938,628.595,0.20926,0.109749,0.252353
1,51,733.819,677.311,677.311,693.781,697.519,696.544,1.3148,1.19202,1.22405
1,61,713.187,700.398,700.398,709.162,712.894,713.081,0.132193,0.00963424,0.00349086
1,71,712.977,705.932,705.932,712.54,716.228,716.73,0.0143629,-0.106761,-0.123249
1,81,733.122,707.22,707.22,713.268,716.936,717.518,0.651964,0.531514,0.512406
1,91,673.798,707.516,707.516,713.425,717.085,717.684,-1.3013,-1.42151,-1.44117
1,101,708.091,707.585,707.585,713.458,717.116,717.722,-0.176241,-0.296355,-0.316278
1,111,732.183,707.602,707.602,713.465,717.123,717.73,0.614681,0.494552,0.474621
2,2,40.2728,11.6261,11.6261,12.8754,12.6633,12.3615,0.899699,0.906664,0.916576
2,12,49.894,47.8933,47.8933,56.7682,55.46,55.0297,-0.225739,-0.18278,-0.16865
2,22,205.382,169.707,169.707,204.071,199.394,200.358,0.0430559,0.196648,0.164987
2,32,441.926,409.184,409.184,452.922,447.421,450.21,-0.361092,-0.18046,-0.272057
2,42,631.778,605.921,605.921,610.569,609.307,610.085,0.696482,0.737921,0.71235
2,52,636.769,681.3,681.3,659.15,660.342,659.285,-0.734965,-0.774119,-0.739407
2,62,703.313,701.376,701.376,670.444,672.369,670.65,1.0794,1.01616,1.07262
2,72,644.655,706.165,706.165,672.885,674.995,673.086,-0.927035,-0.996326,-0.933649
2,82,612.381,707.274,707.274,673.405,675.559,673.601,-2.00395,-2.07471,-2.01041
2,92,672.978,707.529,707.529,673.515,675.68,673.71,-0.017636,-0.0887563,-0.0240351
2,102,663.757,707.588,707.588,673.538,675.706,673.733,-0.321184,-0.392379,-0.327599
2,112,717.523,707.602,707.602,673.543,675.712,673.739,1.44427,1.37303,1.4378
3,3,32.8968,13.4312,13.4312,16.0504,14.1146,15.0443,0.553215,0.616783,0.586255
3,13,30.1572,54.8856,54.8856,73.8915,69.2599,70.6676,-1.43618,-1.28409,-1.33031
3,23,291.606,189.378,189.378,267.699,265.484,261.911,0.785096,0.85782,0.975155
3,33,548.964,434.206,434.206,565.872,572.135,562.604,-0.555244,-0.760896,-0.44791
3,43,732.636,618.056,618.056,729,732.112,727.57,0.11939,0.017207,0.166369
3,53,764.093,684.777,684.777,773.814,773.003,772.293,-0.319223,-0.292598,-0.269273
3,63,783.571,702.221,702.221,783.488,781.255,781.783,0.00272152,0.076054,0.0586988
3,73,806.018,706.36,706.36,785.461,782.838,783.686,0.675093,0.761228,0.733373
3,83,800.851,707.319,707.319,785.859,783.138,784.061,0.492321,0.581662,0.551356
3,93,792.238,707.54,707.54,785.939,783.195,784.136,0.206875,0.296978,0.26609
3,103,801.248,707.59,707.59,785.955,783.206,784.149,0.502206,0.592484,0.561506
3,113,796.106,707.602,707.602,785.959,783.207,784.152,0.333227,0.423584,0.392537
4,4,-4.08142,15.5103,15.5103,12.8312,13.6008,13.8717,-0.555391,-0.580662,-0.589558
4,14,37.702,62.801,62.801,54.9311,56.8215,56.6114,-0.565784,-0.627862,-0.620961
4,24,183.573,210.437,210.437,195.218,197.24,193.323,-0.382388,-0.448788,-0.320167
4,34,446.557,458.407,458.407,443.036,441.884,433.744,0.115642,0.153472,0.420773
4,44,587.227,628.932,628.932,613.648,611.908,607.003,-0.867635,-0.810512,-0.649433
4,54,721.934,687.81,687.81,670.178,669.636,668.277,1.69961,1.7174,1.76203
4,64,642.131,702.951,702.951,683.978,684.095,684.125,-1.37421,-1.37806,-1.37903
4,74,637.283,706.528,706.528,687.076,687.42,687.867,-1.63515,-1.64644,-1.66111
4,84,694.129,707.358,707.358,687.758,688.168,688.732,0.209234,0.195751,0.17723
4,94,713.922,707.549,707.549,687.906,688.336,688.933,0.85434,0.840242,0.82063
4,104,686.482,707.593,707.593,687.938,688.373,688.978,-0.047817,-0.0621053,-0.0819767
4,114,696.396,707.603,707.603,687.947,688.382,688.992,0.277473,0.263189,0.243149
5,5,60.3523,17.903,17.903,15.1553,14.0871,14.6234,1.48422,1.5193,1.50168
5,15,45.0418,71.7323,71.7323,41.8962,40.0742,40.7329,0.103296,0.163128,0.141499
5,25,77.9594,232.784,232.784,108.212,106.342,106.06,-0.993452,-0.932061,-0.92278
5,35,241.687,481.58,481.58,240.349,240.928,237.428,0.0439133,0.0249055,0.139862
5,45,455.903,638.635,638.635,417.362,420.855,414.586,1.26565,1.15093,1.35679
5,55,511.832,690.449,690.449,560.813,562.845,558.286,-1.6085,-1.67522,-1.52551
5,65,620.997,703.586,703.586,636.843,635.248,634.118,-0.520394,-0.468015,-0.430891
5,75,653.99,706.678,706.678,668.313,664.107,665.294,-0.470347,-0.332228,-0.371228
5,85,646.695,707.393,707.393,679.983,674.455,676.772,-1.09312,-0.9116,-0.987665
5,95,681.359,707.557,707.557,684.131,678.023,680.822,-0.0910575,0.109542,0.0176162
5,105,678.301,707.594,707.594,685.584,679.237,682.232,-0.239162,-0.0307408,-0.129087
5,115,730.95,707.603,707.603,686.09,679.649,682.72,1.47317,1.68468,1.58383
6,6,35.0685,20.6537,20.6537,19.0291,17.8368,18.3077,0.526713,0.565868,0.550405
6,16,56.5657,81.7736,81.7736,80.8241,77.9333,77.5953,-0.796618,-0.701686,-0.690585
6,26,246.573,256.284,256.284,266.321,263.794,257.825,-0.648516,-0.565526,-0.369497
6,36,511.38,503.558,503.558,524.52,526.238,517.067,-0.431495,-0.487914,-0.186763
6,46,706.795,647.256,647.256,662.225,664.484,660.408,1.46363,1.38943,1.52331
6,56,699.507,692.745,692.745,701.741,703.111,702.443,-0.0733439,-0.118324,-0.0964098
6,66,722.667,704.132,704.132,710.839,711.762,712.227,0.388415,0.358122,0.342836
6,76,748.946,706.805,706.805,712.821,713.597,714.375,1.18632,1.16082,1.13527
6,86,705.106,707.422,707.422,713.247,713.982,714.839,-0.26733,-0.291464,-0.319636
6,96,718.069,707.562,707.562,713.337,714.062,714.938,0.155411,0.131586,0.102827
6,106,671.654,707.596,707.596,713.357,714.079,714.96,-1.36946,-1.39317,-1.42209
6,116,694.421,707.604,707.604,713.361,714.083,714.966,-0.62195,-0.645652,-0.674645
7,7,-0.792101,23.8125,23.8125,22.5326,22.7882,21.0651,-0.765954,-0.774347,-0.717766
7,17,75.3731,93.0141,93.0141,79.2105,79.4196,75.6738,-0.126016,-0.13288,-0.00987335
7,27,241.783,280.753,280.753,233.239,232.292,227.892,0.280577,0.311683,0.456168
7,37,457.106,524.213,524.213,476.513,473.819,473.077,-0.63731,-0.548838,-0.524474
7,47,657.378,654.889,654.889,656.201,653.85,654.51,0.0386439,0.115843,0.0941663
7,57,727.839,694.74,694.74,728.31,727.008,726.281,-0.0154497,0.0273022,0.051156
7,67,775.605,704.603,704.603,749.944,749.204,747.398,0.84268,0.866982,0.926301
7,77,774.934,706.911,706.911,755.837,755.309,753.036,0.627123,0.644467,0.719097
7,87,757.581,707.446,707.446,757.4,756.943,754.503,0.00591759,0.0209335,0.101062
7,97,719.341,707.569,707.569,757.812,757.377,754.883,-1.26336,-1.24907,-1.16715
7,107,776.843,707.597,707.597,757.921,757.492,754.98,0.621396,0.635461,0.71796
7,117,761.191,707.604,707.604,757.949,757.523,755.006,0.106452,0.120445,0.203079
8,8,47.5317,27.4351,27.4351,22.0258,20.6763,20.1848,0.837582,0.881899,0.898039
8,18,42.0791,105.54,105.54,72.2093,68.8063,67.1606,-0.98944,-0.877689,-0.823645
8,28,210.048,305.975,305.975,203.537,197.593,193.461,0.213808,0.408988,0.544692
8,38,368.904,543.459,543.459,419.713,415.203,409.475,-1.6685,-1.5204,-1.33231
8,48,639.944,661.623,661.623,600.254,600.318,596.221,1.30337,1.30128,1.43582
8,58,686.658,696.468,696.468,683.523,685.956,683.692,0.102965,0.0230793,0.0974054
8,68,693.685,705.012,705.012,711.474,714.494,713.036,-0.584191,-0.683371,-0.635481
8,78,681.797,707.007,707.007,719.81,722.913,721.724,-1.24833,-1.35022,-1.31117
8,88,712.679,707.468,707.468,722.205,725.306,724.199,-0.312819,-0.414638,-0.378303
8,98,760.282,707.574,707.574,722.887,725.979,724.897,1.22803,1.12649,1.16202
8,108,742.163,707.599,707.599,723.08,726.167,725.093,0.62666,0.525291,0.560545
8,118,738.359,707.604,707.604,723.134,726.221,725.148,0.499961,0.398614,0.433844
9,9,-54.9964,31.5833,31.5833,24.2977,26.9129,24.2198,-2.60392,-2.68981,-2.60137
9,19,91.1933,119.423,119.423,88.6106,94.3769,87.0107,0.0848128,-0.104546,0.137353
9,29,257.038,331.697,331.697,260.3,266.858,254.024,-0.107131,-0.32248,0.0989589
9,39,490.515,561.242,561.242,503.317,504.676,494.962,-0.420424,-0.465043,-0.146051
9,49,647.49,667.549,667.549,655.911,655.239,651.722,-0.276557,-0.254486,-0.138968
9,59,714.635,697.971,697.971,709.518,709.848,708.645,0.168037,0.157186,0.1967
9,69,777.815,705.365,705.365,724.268,725.432,724.696,1.75842,1.72018,1.74434
9,79,696.912,707.089,707.089,728.036,729.561,728.88,-1.02209,-1.07217,-1.0498
9,89,716.271,707.487,707.487,728.984,730.633,729.949,-0.417478,-0.471641,-0.449156
9,99,770.075,707.578,707.578,729.221,730.91,730.219,1.34159,1.28612,1.30881
9,109,715.862,707.6,707.6,729.28,730.982,730.289,-0.440619,-0.496517,-0.473749
9,119,718.325,707.604,707.604,729.294,731.001,730.306,-0.360233,-0.416269,-0.393451
10,0,18.9338,8.70236,8.70236,9.79017,10.301,10.1473,0.300267,0.283492,0.288539
10,10,33.873,36.3252,36.3252,51.5895,53.2788,52.1964,-0.581789,-0.637266,-0.601721
10,20,257.698,134.724,134.724,219.367,222.238,217.658,1.25873,1.16445,1.31487
10,30,494.284,357.659,357.659,525.549,526.475,520.142,-1.02672,-1.05712,-0.849167
10,40,717.068,577.569,577.569,700.76,701.457,698.126,0.535534,0.512668,0.622059
10,50,736.826,672.754,672.754,745.271,746.68,744.886,-0.27731,-0.323585,-0.264662
10,60,815.641,699.273,699.273,753.848,755.559,754.155,2.02921,1.97303,2.01912
10,70,757.766,705.675,705.675,755.405,757.196,755.878,0.0775503,0.0187224,0.0620119
10,80,790.772,707.162,707.162,755.683,757.494,756.193,1.15227,1.0928,1.13552
10,90,710.799,707.505,707.505,755.734,757.549,756.251,-1.47561,-1.53521,-1.4926
10,100,746.253,707.583,707.583,755.742,757.558,756.261,-0.31163,-0.371243,-0.328652
10,110,759.615,707.601,707.601,755.743,757.56,756.263,0.12715,0.0675114,0.110075
11,1,66.3818,10.0601,10.0601,11.6894,12.1763,12.0171,1.79603,1.78004,1.78527
11,11,29.939,41.7352,41.7352,75.5602,76.797,76.1731,-1.49815,-1.53876,-1.51827
11,21,345.4,151.481,151.481,325.116,324.691,323.31,0.666115,0.680055,0.725404
11,31,603.229,383.576,383.576,606.523,606.176,603.779,-0.108184,-0.0967612,-0.0180616
11,41,722.491,592.443,592.443,690.486,692.553,689.414,1.05099,0.983128,1.0862
11,51,714.818,677.311,677.311,704.179,707.046,703.703,0.349378,0.255216,0.36498
11,61,697.756,700.398,700.398,706.146,709.179,705.797,-0.275518,-0.375146,-0.264056
11,71,680.978,705.932,705.932,706.423,709.488,706.097,-0.835555,-0.936211,-0.824851
11,81,659.251,707.22,707.22,706.461,709.533,706.139,-1.55033,-1.6512,-1.53977
11,91,702.57,707.516,707.516,706.468,709.538,706.147,-0.128009,-0.228846,-0.117461
11,101,690.958,707.585,707.585,706.468,709.54,706.148,-0.509325,-0.610232,-0.498817
11,111,757.317,707.602,707.602,706.468,709.54,706.149,1.66982,1.56893,1.6803
12,2,-4.46004,11.6261,11.6261,12.7111,12.8265,12.3978,-0.56388,-0.567669,-0.553591
12,12,78.7378,47.8933,47.8933,60.8328,61.4792,59.5257,0.58798,0.566752,0.630903
12,22,208.887,169.707,169.707,227.952,229.71,224.471,-0.626075,-0.683817,-0.51176
12,32,495.22,409.184,409.184,487.089,487.023,483.42,0.266988,0.269164,0.38747
12,42,626.06,605.921,605.921,624.592,621.424,622.16,0.0482065,0.152251,0.12806
12,52,668.812,681.3,681.3,660.715,656.399,658.707,0.265905,0.407614,0.331836
12,62,692.513,701.376,701.376,668.199,663.609,666.273,0.798415,0.949166,0.861671
12,72,648.665,706.165,706.165,669.666,665.018,667.753,-0.689644,-0.53701,-0.626823
12,82,616.641,707.274,707.274,669.95,665.291,668.038,-1.75061,-1.59759,-1.68782
12,92,663.925,707.529,707.529,670.005,665.344,668.095,-0.199664,-0.0466096,-0.136941
12,102,665.705,707.588,707.588,670.016,665.355,668.106,-0.141568,0.0114997,-0.0788657
12,112,664.946,707.602,707.602,670.018,665.356,668.109,-0.16655,-0.0134681,-0.10386
13,3,-6.01279,13.4312,13.4312,14.8467,15.0843,14.7268,-0.685001,-0.692802,-0.681065
13,13,98.3305,54.8856,54.8856,66.2979,67.4178,65.4712,1.05191,1.01514,1.07906
13,23,224.548,189.378,189.378,234.931,238.347,232.093,-0.340949,-0.453139,-0.247752
13,33,491.909,434.206,434.206,496.526,500.809,494.071,-0.151615,-0.292275,-0.0710065
13,43,659.65,618.056,618.056,645.371,648.397,645.995,0.468921,0.369541,0.448434
13,53,685.756,684.777,684.777,688.097,690.457,690.215,-0.0768572,-0.154356,-0.146417
13,63,686.924,702.221,702.221,697.664,699.84,700.201,-0.352707,-0.424141,-0.436013
13,73,745.301,706.36,706.36,699.677,701.81,702.318,1.49822,1.42818,1.41151
13,83,688.546,707.319,707.319,700.096,702.218,702.757,-0.379304,-0.448974,-0.466694
13,93,672.468,707.54,707.54,700.183,702.303,702.851,-0.910151,-0.979775,-0.997742
13,103,684.73,707.59,707.59,700.201,702.322,702.871,-0.50806,-0.577695,-0.595752
13,113,725.859,707.602,707.602,700.205,702.324,702.876,0.842447,0.772852,0.754742
14,4,21.6662,15.5103,15.5103,16.9745,17.4148,16.9493,0.154067,0.139609,0.154896
14,14,76.691,62.801,62.801,57.7645,58.9113,57.3436,0.621523,0.583862,0.635346
14,24,216.36,210.437,210.437,172.774,175.036,170.959,1.43131,1.35703,1.49093
14,34,380.39,458.407,458.407,385.268,387.962,382.037,-0.160177,-0.248647,-0.054066
14,44,540.807,628.932,628.932,584.346,586.649,582.623,-1.42977,-1.50539,-1.37318
14,54,696.843,687.81,687.81,681.969,684.216,682.564,0.488437,0.414657,0.468888
14,64,726.983,702.951,702.951,715.061,717.436,716.856,0.391506,0.313487,0.332561
14,74,711.37,706.528,706.528,724.801,727.266,727.039,-0.441079,-0.522022,-0.514548
14,84,758.438,707.358,707.358,727.546,730.051,729.93,1.01446,0.932213,0.936186
14,94,751.287,707.549,707.549,728.311,730.831,730.738,0.754496,0.671762,0.674786
14,104,703.42,707.593,707.593,728.524,731.048,730.964,-0.824367,-0.907268,-0.904483
14,114,748.875,707.603,707.603,728.583,731.109,731.027,0.666379,0.58343,0.586114
15,5,7.21767,17.903,17.903,15.1372,13.5593,13.3617,-0.26007,-0.208252,-0.201762
15,15,-3.10989,71.7323,71.7323,45.0027,42.0379,41.2836,-1.57996,-1.4826,-1.45783
15,25,132.855,232.784,232.784,122.648,119.344,117.034,0.335176,0.44367,0.519528
15,35,275.618,481.58,481.58,274.771,275.74,271.137,0.0278054,-0.00399908,0.147147
15,45,439.289,638.635,638.635,456.421,462.779,457.876,-0.562574,-0.771365,-0.610373
15,55,593.982,690.449,690.449,579.306,585.209,582.043,0.481938,0.288093,0.392066
15,65,640.799,703.586,703.586,634.09,637.203,635.418,0.220309,0.118088,0.176702
15,75,624.911,706.678,706.678,653.933,655.155,653.994,-0.953046,-0.993191,-0.955047
15,85,659.276,707.393,707.393,660.564,660.896,659.97,-0.0423049,-0.0532103,-0.0227942
15,95,679.254,707.557,707.557,662.721,662.687,661.841,0.542944,0.544035,0.571825
15,105,627.889,707.594,707.594,663.416,663.242,662.422,-1.16668,-1.16096,-1.13402
15,115,660.837,707.603,707.603,663.64,663.413,662.601,-0.0920527,-0.0846183,-0.057953
16,6,14.3126,20.6537,20.6537,20.643,19.5642,19.0943,-0.207881,-0.172457,-0.157026
16,16,131.699,81.7736,81.7736,78.0399,75.3206,73.5766,1.76211,1.85141,1.90868
16,26,172.288,256.284,256.284,240.081,236.088,231.861,-2.22626,-2.09514,-1.95631
16,36,511.313,503.558,503.558,484.093,481.827,477.776,0.893861,0.968289,1.10132
16,46,634.66,647.256,647.256,642.642,641.329,640.236,-0.262096,-0.218986,-0.18311
16,56,685.464,692.745,692.745,698.149,696.417,696.939,-0.416548,-0.359662,-0.376797
16,66,755.55,704.132,704.132,713.104,711.01,712.028,1.39388,1.46264,1.42921
16,76,700.361,706.805,706.805,716.83,714.587,715.734,-0.54081,-0.467172,-0.504835
16,86,768.287,707.422,707.422,717.738,715.447,716.625,1.65997,1.73521,1.6965
16,96,687.885,707.562,707.562,717.958,715.651,716.839,-0.987547,-0.911791,-0.950793
16,106,711.684,707.596,707.596,718.011,715.701,716.889,-0.207773,-0.131924,-0.170932
16,116,686.447,707.604,707.604,718.024,715.713,716.9,-1.03694,-0.961058,-1.00004
17,7,-3.26943,23.8125,23.8125,28.1622,27.8679,26.3457,-1.03218,-1.02251,-0.972526
17,17,103.641,93.0141,93.0141,123.04,121.6,117.375,-0.637038,-0.589741,-0.451009
17,27,364.955,280.753,280.753,368.217,365.027,360.35,-0.107097,-0.00235732,0.15124
17,37,630.488,524.213,524.213,607.431,605.251,604.559,0.757153,0.828745,0.851456
17,47,631.565,654.889,654.889,696.921,696.082,696.705,-2.1462,-2.11864,-2.13913
17,57,766.77,694.74,694.74,717.82,717.429,718.067,1.60749,1.62032,1.59937
17,67,703.526,704.603,704.603,722.098,721.817,722.387,-0.609869,-0.600649,-0.619378
17,77,761.101,706.911,706.911,722.951,722.693,723.235,1.25282,1.26128,1.24349
17,87,678.643,707.446,707.446,723.12,722.866,723.4,-1.46058,-1.45224,-1.46979
17,97,717.638,707.569,707.569,723.153,722.901,723.432,-0.1811,-0.172817,-0.190263
17,107,803.811,707.597,707.597,723.16,722.907,723.438,2.6485,2.6568,2.63935
17,117,682.771,707.604,707.604,723.161,722.909,723.438,-1.32633,-1.31809,-1.33544
18,8,-30.6621,27.4351,27.4351,20.4698,18.6744,18.4944,-1.67911,-1.62015,-1.61424
18,18,43.6531,105.54,105.54,78.9534,75.4108,73.6111,-1.15922,-1.04289,-0.983784
18,28,222.451,305.975,305.975,243.448,241.948,235.058,-0.689514,-0.640271,-0.413997
18,38,477.496,543.459,543.459,479.917,484.213,475.325,-0.079529,-0.22058,0.0712639
18,48,658.237,661.623,661.623,623.041,626.286,621.798,1.1558,1.04922,1.19662
18,58,664.64,696.468,696.468,670.32,670.883,669.334,-0.186502,-0.205018,-0.154151
18,68,637.158,705.012,705.012,682.568,681.882,681.337,-1.4912,-1.46867,-1.45077
18,78,675.078,707.007,707.007,685.53,684.423,684.165,-0.34321,-0.30688,-0.298397
18,88,725.979,707.468,707.468,686.234,685.003,684.821,1.30516,1.34561,1.35158
18,98,702.884,707.574,707.574,686.402,685.135,684.972,0.541265,0.582867,0.588214
18,108,630.237,707.599,707.599,686.441,685.164,685.005,-1.84566,-1.80374,-1.7985
18,118,687.901,707.604,707.604,686.45,685.171,685.015,0.04764,0.089634,0.0947569
19,9,56.2894,31.5833,31.5833,26.7157,28.3696,27.4368,0.971164,0.916852,0.947485
19,19,122.206,119.423,119.423,88.4246,89.6581,87.7511,1.10934,1.06883,1.13145
19,29,216.65,331.697,331.697,242.551,237.648,235.347,-0.850539,-0.689529,-0.613962
19,39,460.939,561.242,561.242,466.005,453.356,452.453,-0.166351,0.249017,0.278655
19,49,599.28,667.549,667.549,624.192,614.003,614.056,-0.81806,-0.483481,-0.485206
19,59,677.434,697.971,697.971,688.492,683.858,683.728,-0.363114,-0.21095,-0.206678
19,69,721.402,705.365,705.365,708.573,707.046,706.601,0.421276,0.471436,0.486041
19,79,739.188,707.089,707.089,714.304,714.022,713.408,0.817161,0.826407,0.846575
19,89,742.448,707.487,707.487,715.896,716.058,715.373,0.871912,0.866593,0.889101
19,99,710.915,707.578,707.578,716.335,716.648,715.935,-0.177975,-0.188258,-0.164858
19,109,690.754,707.6,707.6,716.455,716.818,716.095,-0.843986,-0.855921,-0.832165
19,119,701.99,707.604,707.604,716.489,716.867,716.141,-0.476119,-0.488538,-0.464691
20,0,-19.5332,8.70236,8.70236,9.89509,9.53968,9.3583,-0.966391,-0.95472,-0.948764
20,10,92.5143,36.3252,36.3252,53.3338,52.678,51.077,1.28664,1.30818,1.36075
20,20,199.269,134.724,134.724,227.155,228.868,221.536,-0.915732,-0.971977,-0.731218
20,30,535.766,357.659,357.659,525.952,531.521,522.527,0.322278,0.139414,0.434734
20,40,692.509,577.569,577.569,682.423,685.946,682.601,0.331222,0.215523,0.325377
20,50,757.746,672.754,672.754,719.75,721.641,720.71,1.24772,1.18564,1.2162
20,60,720.884,699.273,699.273,726.679,728.09,727.722,-0.190319,-0.236656,-0.224568
20,70,750.064,705.675,705.675,727.898,729.199,728.946,0.727924,0.685191,0.693512
20,80,708.3,707.162,707.162,728.11,729.388,729.156,-0.650553,-0.692497,-0.684904
20,90,697.984,707.505,707.505,728.146,729.42,729.194,-0.990478,-1.03232,-1.02488
20,100,700.093,707.583,707.583,728.153,729.425,729.199,-0.921432,-0.963219,-0.955802
20,110,766.147,707.601,707.601,728.154,729.426,729.2,1.24765,1.20587,1.21329
21,1,42.5923,10.0601,10.0601,12.004,11.8942,11.6032,1.00448,1.00809,1.01765
21,11,50.5012,41.7352,41.7352,36.0324,35.3846,34.8437,0.475138,0.496409,0.514171
21,21,195.542,151.481,151.481,101.764,99.2316,98.6111,3.07957,3.16273,3.1831
21,31,223.912,383.576,383.576,247.404,240.768,241.026,-0.771454,-0.553509,-0.562006
21,41,440.047,592.443,592.443,459.714,449.766,451.599,-0.645829,-0.319144,-0.379338
21,51,612.68,677.311,677.311,635.759,627.11,629.012,-0.7579,-0.473873,-0.536342
21,61,702.489,700.398,700.398,725.407,719.547,720.391,-0.752584,-0.560167,-0.587866
21,71,824.251,705.932,705.932,759.987,755.844,755.843,2.11036,2.24641,2.24645
21,81,817.101,707.22,707.22,771.862,768.472,768.044,1.48558,1.59691,1.61097
21,91,736.014,707.516,707.516,775.77,772.676,772.063,-1.30555,-1.20395,-1.18381
21,101,768.129,707.585,707.585,777.04,774.056,773.372,-0.292642,-0.194653,-0.172176
21,111,793.711,707.602,707.602,777.452,774.508,773.796,0.533933,0.630604,0.653967
22,2,38.8914,11.6261,11.6261,10.0336,9.54681,9.31197,0.947657,0.963641,0.971353
22,12,18.5009,47.8933,47.8933,42.2928,40.6533,39.5336,-0.781297,-0.727457,-0.690686
22,22,124.545,169.707,169.707,155.236,151.246,147.227,-1.00785,-0.876825,-0.744836
22,32,373.668,409.184,409.184,392.354,388.32,381.407,-0.613617,-0.481156,-0.254148
22,42,617.132,605.921,605.921,599.611,599.036,594.551,0.575375,0.594276,0.741534
22,52,690.49,681.3,681.3,681.026,682.103,680.234,0.310789,0.275405,0.336789
22,62,724.958,701.376,701.376,702.611,704.013,703.071,0.733843,0.687806,0.718744
22,72,696.856,706.165,706.165,707.684,709.126,708.431,-0.355579,-0.402928,-0.380094
22,82,684.542,707.274,707.274,708.844,710.281,709.65,-0.798048,-0.845254,-0.82453
22,92,660.902,707.529,707.529,709.107,710.54,709.924,-1.583,-1.63004,-1.60983
22,102,731.549,707.588,707.588,709.167,710.598,709.986,0.734989,0.687986,0.708078
22,112,732.794,707.602,707.602,709.18,710.61,710,0.775451,0.728509,0.748522
23,3,42.6125,13.4312,13.4312,14.5825,14.2225,14.7381,0.920472,0.932293,0.915363
23,13,85.4127,54.8856,54.8856,71.0545,70.0754,69.9905,0.471506,0.50366,0.506448
23,23,226.196,189.378,189.378,259.44,258.382,252.417,-1.09171,-1.05697,-0.861096
23,33,535.487,434.206,434.206,515.913,515.42,507.342,0.64278,0.658983,0.924234
23,43,629.315,618.056,618.056,633.305,632.122,630.004,-0.131,-0.0921788,-0.0226165
23,53,649.631,684.777,684.777,661.529,659.847,660.802,-0.390717,-0.335477,-0.366819
23,63,661.259,702.221,702.221,667.103,665.262,667.086,-0.191904,-0.131457,-0.191351
23,73,660.78,706.36,706.36,668.158,666.277,668.312,-0.242273,-0.180512,-0.247335
23,83,613.632,707.319,707.319,668.354,666.466,668.547,-1.79701,-1.73499,-1.80333
23,93,683.348,707.54,707.54,668.393,666.5,668.594,0.491099,0.55325,0.484511
23,103,686.165,707.59,707.59,668.4,666.507,668.603,0.583384,0.645537,0.576723
23,113,667.802,707.602,707.602,668.401,666.508,668.605,-0.019665,0.0424964,-0.0263511
24,4,-4.82189,15.5103,15.5103,21.1516,20.1939,19.881,-0.852939,-0.821489,-0.811213
24,14,97.623,62.801,62.801,103.607,101.209,99.8461,-0.196497,-0.117763,-0.0730033
24,24,363.699,210.437,210.437,341.73,340.232,337.783,0.721462,0.770636,0.851061
24,34,566.931,458.407,458.407,580.018,580.159,579.722,-0.429736,-0.434378,-0.420024
24,44,642.252,628.932,628.932,662.612,661.899,662.876,-0.668617,-0.645198,-0.677266
24,54,658.557,687.81,687.81,679.918,678.641,679.957,-0.701476,-0.659534,-0.702751
24,64,677.548,702.951,702.951,683.107,681.66,683.039,-0.182541,-0.135032,-0.180311
24,74,642.274,706.528,706.528,683.679,682.192,683.58,-1.35968,-1.31084,-1.35643
24,84,676.559,707.358,707.358,683.784,682.285,683.675,-0.237259,-0.18804,-0.233677
24,94,682.169,707.549,707.549,683.802,682.301,683.692,-0.0536294,-0.00433357,-0.0499999
24,104,735.677,707.593,707.593,683.807,682.302,683.696,1.70336,1.75276,1.70698
24,114,708.641,707.603,707.603,683.805,682.304,683.696,0.815581,0.864884,0.819155
25,5,46.0266,17.903,17.903,16.0927,16.8257,16.5591,0.982995,0.958922,0.967678
25,15,37.0369,71.7323,71.7323,60.0987,61.5749,60.6833,-0.757323,-0.805798,-0.77652
25,25,211.01,232.784,232.784,189.857,191.02,188.832,0.694641,0.656437,0.728277
25,35,384.349,481.58,481.58,412.401,411.38,408.588,-0.921203,-0.887695,-0.795987
25,45,595.49,638.635,638.635,583.274,582.638,580.7,0.401163,0.422049,0.485697
25,55,660.968,690.449,690.449,650.66,651.78,650.492,0.338514,0.30173,0.344015
25,65,642.368,703.586,703.586,670.003,672.098,671.03,-0.90752,-0.976313,-0.941244
25,75,729.54,706.678,706.678,675.016,677.479,676.469,1.79052,1.70963,1.74279
25,85,687.595,707.393,707.393,676.281,678.864,677.867,0.371545,0.286709,0.319459
25,95,613.736,707.557,707.557,676.599,679.218,678.223,-2.06436,-2.15034,-2.11767
25,105,687.462,707.594,707.594,676.679,679.309,678.314,0.354089,0.267749,0.300409
25,115,658.668,707.603,707.603,676.7,679.332,678.336,-0.592138,-0.678575,-0.645885
26,6,19.1515,20.6537,20.6537,23.6317,23.2298,23.1362,-0.147124,-0.133929,-0.130853
26,16,100.775,81.7736,81.7736,91.4061,91.4653,89.9982,0.307654,0.305711,0.353888
26,26,306.89,256.284,256.284,277.936,281.469,275.592,0.950797,0.8348,1.02779
26,36,504.74,503.558,503.558,531.979,538.581,530.545,-0.89449,-1.1113,-0.847382
26,46,657.752,647.256,647.256,676.715,681.684,676.352,-0.622727,-0.785889,-0.610791
26,56,747.992,692.745,692.745,722.733,726.017,722.633,0.829486,0.721648,0.832748
26,66,770.653,704.132,704.132,734.416,737.029,734.342,1.18995,1.10416,1.1924
26,76,790.082,706.805,706.805,737.204,739.606,737.124,1.73645,1.65759,1.73908
26,86,787.356,707.422,707.422,737.86,740.202,737.773,1.62539,1.5485,1.62826
26,96,671.65,707.562,707.562,738.014,740.339,737.923,-2.17932,-2.25567,-2.17633
26,106,756.411,707.596,707.596,738.05,740.37,737.96,0.602976,0.526793,0.60591
26,116,675.84,707.604,707.604,738.059,740.379,737.969,-2.04319,-2.11936,-2.04022
27,7,63.9135,23.8125,23.8125,21.0271,22.033,20.1193,1.40834,1.37531,1.43815
27,17,76.4546,93.0141,93.0141,85.7064,87.4156,82.6214,-0.303818,-0.359946,-0.20251
27,27,205.354,280.753,280.753,268.198,267.726,261.968,-2.06371,-2.04819,-1.85912
27,37,552.86,524.213,524.213,507.017,503.371,502.213,1.50543,1.62516,1.66318
27,47,649.749,654.889,654.889,631.387,629.028,629.422,0.603008,0.680457,0.66752
27,57,612.492,694.74,694.74,667.614,666.806,666.635,-1.81013,-1.78359,-1.77796
27,67,686.671,704.603,704.603,676.196,676.016,675.433,0.343994,0.349903,0.369039
27,77,657.75,706.911,706.911,678.124,678.144,677.404,-0.669045,-0.669694,-0.645395
27,87,683.401,707.446,707.446,678.551,678.629,677.84,0.159265,0.156699,0.182616
27,97,666.185,707.569,707.569,678.646,678.74,677.936,-0.409208,-0.412294,-0.385906
27,107,721.361,707.597,707.597,678.667,678.765,677.957,1.40204,1.39883,1.42534
27,117,637.461,707.604,707.604,678.671,678.77,677.961,-1.35327,-1.35653,-1.32997
28,8,26.9804,27.4351,27.4351,29.9892,28.4863,28.4392,-0.0988066,-0.0494525,-0.0479038
28,18,143.017,105.54,105.54,115.876,113.408,111.561,0.891272,0.972308,1.03298
28,28,290.408,305.975,305.975,328.486,328.715,322.315,-1.25042,-1.25795,-1.04779
28,38,580.891,543.459,543.459,561.179,563.954,558.26,0.647329,0.556205,0.743174
28,48,678.217,661.623,661.623,668.148,669.175,667.586,0.330671,0.296932,0.349117
28,58,672.232,696.468,696.468,698.227,697.78,698.176,-0.853629,-0.838945,-0.851943
28,68,716.158,705.012,705.012,705.401,704.393,705.404,0.35325,0.386358,0.353154
28,78,700.308,707.007,707.007,707.043,705.864,707.042,-0.221178,-0.182455,-0.221135
28,88,669.202,707.468,707.468,707.416,706.187,707.41,-1.25489,-1.21454,-1.2547
28,98,750.397,707.574,707.574,707.502,706.259,707.493,1.40862,1.44944,1.4089
28,108,721.289,707.599,707.599,707.52,706.273,707.512,0.452133,0.493079,0.452418
28,118,692.528,707.604,707.604,707.524,706.277,707.516,-0.492472,-0.451525,-0.492199
29,9,-6.44612,31.5833,31.5833,18.2283,16.2436,17.0775,-0.81028,-0.745104,-0.772489
29,19,15.5739,119.423,119.423,51.4623,48.3761,48.7135,-1.17853,-1.07718,-1.08827
29,29,149.083,331.697,331.697,133.978,132.323,128.475,0.496028,0.550359,0.676724
29,39,263.974,561.242,561.242,292.31,298.39,284.709,-0.930545,-1.1302,-0.680914
29,49,487.94,667.549,667.549,486.552,499.393,480.556,0.045583,-0.376115,0.242469
29,59,617.487,697.971,697.971,627.385,637.01,624.531,-0.325031,-0.641106,-0.231292
29,69,709.072,705.365,705.365,695.383,698.769,694.241,0.449521,0.338357,0.487043
29,79,711.251,707.089,707.089,721.81,721.195,721.219,-0.346748,-0.326552,-0.327369
29,89,745.52,707.487,707.487,731.194,728.694,730.741,0.470441,0.552546,0.485305
29,99,719.597,707.578,707.578,734.421,731.131,733.986,-0.486792,-0.378753,-0.472533
29,109,750.76,707.6,707.6,735.517,731.916,735.078,0.500562,0.618806,0.51497
29,119,746.287,707.604,707.604,735.887,732.168,735.444,0.341533,0.463643,0.356076
30,0,11.2819,8.70236,8.70236,10.1738,9.98129,10.0933,0.0363869,0.0427089,0.0390309
30,10,45.975,36.3252,36.3252,53.2972,52.4299,52.2161,-0.240452,-0.211971,-0.204953
30,20,233.232,134.724,134.724,219.919,217.393,214.411,0.437164,0.52011,0.618058
30,30,497.795,357.659,357.659,498.484,495.665,490.689,-0.0226262,0.0699478,0.233358
30,40,609.389,577.569,577.569,644.381,642.384,640.215,-1.1491,-1.08351,-1.01229
30,50,693.623,672.754,672.754,679.957,678.206,677.654,0.448779,0.506271,0.524403
30,60,671.947,699.273,699.273,686.734,685.022,684.913,-0.485585,-0.429387,-0.425803
30,70,721.53,705.675,705.675,687.958,686.251,686.245,1.10249,1.15854,1.15873
30,80,743.011,707.162,707.162,688.177,686.47,686.486,1.80071,1.85675,1.85624
30,90,675.397,707.505,707.505,688.215,686.509,686.53,-0.420947,-0.364911,-0.365624
30,100,628.237,707.583,707.583,688.222,686.516,686.537,-1.96986,-1.91382,-1.91453
30,110,663.235,707.601,707.601,688.224,686.517,686.538,-0.820609,-0.764544,-0.765261
31,1,13.3212,10.0601,10.0601,10.6428,10.8123,10.2224,0.0879559,0.082389,0.101761
31,11,-2.09399,41.7352,41.7352,32.113,32.381,30.9289,-1.12332,-1.13212,-1.08443
31,21,101.198,151.481,151.481,91.0774,91.215,88.1458,0.332353,0.327834,0.428622
31,31,248.23,383.576,383.576,221.749,221.124,216.492,0.869604,0.890112,1.04222
31,41,401.665,592.443,592.443,410.984,409.876,405.887,-0.306003,-0.269617,-0.13864
31,51,536.772,677.311,677.311,565.983,566.126,563.998,-0.959272,-0.963951,-0.894084
31,61,614.953,700.398,700.398,643.925,645.722,644.454,-0.95141,-1.01043,-0.968787
31,71,724.104,705.932,705.932,673.699,676.475,675.326,1.65524,1.56408,1.60181
31,81,678.054,707.22,707.22,683.849,687.056,685.852,-0.190321,-0.295619,-0.2561
31,91,662.391,707.516,707.516,687.171,690.548,689.293,-0.813745,-0.924638,-0.883435
31,101,677.678,707.585,707.585,688.242,691.684,690.403,-0.346927,-0.459948,-0.417896
31,111,718.051,707.602,707.602,688.587,692.052,690.761,0.967569,0.85378,0.896155
32,2,-2.39834,11.6261,11.6261,13.737,13.696,12.8466,-0.529864,-0.528519,-0.500625
32,12,50.4348,47.8933,47.8933,29.1894,29.028,27.6787,0.697676,0.702974,0.747286
32,22,91.2194,169.707,169.707,60.375,59.9237,58.0697,1.01289,1.02771,1.08859
32,32,149.692,409.184,409.184,118.522,117.545,115.613,1.02358,1.05565,1.1191
32,42,256.95,605.921,605.921,212.501,210.989,209.9,1.45963,1.50928,1.54504
32,52,308.061,681.3,681.3,334.182,332.864,333.015,-0.857792,-0.814496,-0.819449
32,62,466.579,701.376,701.376,453.395,453.517,453.615,0.43293,0.428942,0.42572
32,72,493.037,706.165,706.165,542.214,544.401,542.705,-1.61494,-1.68675,-1.63105
32,82,559.391,707.274,707.274,595.814,599.762,595.744,-1.19607,-1.32572,-1.19379
32,92,638.255,707.529,707.529,624.146,629.232,623.364,0.463331,0.296313,0.489017
32,102,643.533,707.588,707.588,638.079,643.801,636.748,0.179106,-0.00879407,0.222818
32,112,627.333,707.602,707.602,644.687,650.741,643.005,-0.569892,-0.768699,-0.51468
33,3,-23.7681,13.4312,13.4312,10.9372,12.4406,11.9155,-1.13968,-1.18905,-1.1718
33,13,59.4735,54.8856,54.8856,38.6912,41.7219,40.3458,0.682464,0.582941,0.62813
33,23,116.475,189.378,189.378,123.642,126.656,123.834,-0.235357,-0.334342,-0.241684
33,33,296.617,434.206,434.206,304.905,301.577,298.201,-0.272177,-0.162888,-0.0520152
33,43,498.323,618.056,618.056,505.598,497.224,495.234,-0.238886,0.0360998,0.101433
33,53,623.528,684.777,684.777,615.248,609.965,608.922,0.271883,0.445375,0.479642
33,63,585.514,702.221,702.221,653.63,652.096,651.163,-2.23684,-2.18645,-2.15581
33,73,669.414,706.36,706.36,664.858,665.188,664.182,0.149608,0.138781,0.171837
33,83,666.384,707.319,707.319,667.964,669.014,667.952,-0.0518755,-0.0863708,-0.0515047
33,93,644.324,707.54,707.54,668.811,670.113,669.027,-0.804123,-0.846873,-0.811226
33,103,693.153,707.59,707.59,669.041,670.425,669.332,0.791809,0.746357,0.782254
33,113,680.438,707.602,707.602,669.104,670.514,669.419,0.372212,0.325913,0.361871
34,4,-1.40541,15.5103,15.5103,15.21,12.7749,14.2205,-0.54563,-0.465663,-0.513136
34,14,33.8451,62.801,62.801,48.9084,43.3431,46.1654,-0.49466,-0.3119,-0.404581
34,24,175.115,210.437,210.437,141.503,132.688,135.454,1.10377,1.39325,1.30241
34,34,294.386,458.407,458.407,321.002,315.992,313.234,-0.874039,-0.709505,-0.618917
34,44,515.615,628.932,628.932,513.323,516.953,509.432,0.075264,-0.04395,0.203056
34,54,607.138,687.81,687.81,623.686,629.637,624.154,-0.543445,-0.738867,-0.558799
34,64,665.405,702.951,702.951,665.982,670.786,668.32,-0.01896,-0.17671,-0.0957477
34,74,681.435,706.528,706.528,679.593,683.353,682.49,0.0604918,-0.0629784,-0.0346355
34,84,679.749,707.358,707.358,683.718,686.974,686.761,-0.130361,-0.237277,-0.230273
34,94,713.738,707.549,707.549,684.946,687.999,688.025,0.945512,0.845234,0.844372
34,104,686.843,707.593,707.593,685.311,688.287,688.398,0.0503191,-0.0474385,-0.0510568
34,114,670.642,707.603,707.603,685.418,688.369,688.506,-0.485244,-0.582149,-0.586653
35,5,-20.2612,17.903,17.903,20.544,20.984,20.4391,-1.34,-1.35444,-1.33655
35,15,106.122,71.7323,71.7323,102.937,102.096,100.893,0.104571,0.132192,0.171709
35,25,329.272,232.784,232.784,349.085,342.086,341.662,-0.650636,-0.420786,-0.406856
35,35,629.431,481.58,481.58,602.31,596.609,596.512,0.890604,1.07784,1.08103
35,45,666.188,638.635,638.635,690.357,689.756,688.448,-0.793661,-0.773921,-0.730983
35,55,710.756,690.449,690.449,708.567,709.873,707.982,0.0718945,0.0289985,0.0910976
35,65,711.999,703.586,703.586,711.866,713.649,711.596,0.00439325,-0.0541531,0.0132577
35,75,711.787,706.678,706.678,712.45,714.337,712.245,-0.0217668,-0.0837116,-0.0150369
35,85,714.84,707.393,707.393,712.553,714.462,712.362,0.0750938,0.0124288,0.0813883
35,95,663.111,707.557,707.557,712.572,714.484,712.381,-1.62421,-1.68701,-1.61797
35,105,739.301,707.594,707.594,712.575,714.488,712.387,0.877644,0.814818,0.883816
35,115,734.148,707.603,707.603,712.575,714.488,712.388,0.708413,0.645613,0.714556
36,6,51.6746,20.6537,20.6537,25.314,25.7178,24.7231,0.865649,0.852391,0.885055
36,16,155.244,81.7736,81.7736,112.616,111.3,108.421,1.39986,1.44307,1.53762
36,26,304.416,256.284,256.284,348.278,340.893,337.106,-1.44035,-1.19784,-1.0735
36,36,592.773,503.558,503.558,590.856,585.215,583.877,0.0629553,0.248191,0.292121
36,46,709.76,647.256,647.256,684.386,684.514,684.251,0.833254,0.829077,0.837693
36,56,793.914,692.745,692.745,706.323,708.856,708.662,2.87638,2.79319,2.79956
36,66,688.709,704.132,704.132,710.793,713.994,713.764,-0.725215,-0.830348,-0.822779
36,76,756.139,706.805,706.805,711.676,715.041,714.794,1.46011,1.34961,1.35772
36,86,697.61,707.422,707.422,711.85,715.254,714.999,-0.467632,-0.579427,-0.571063
36,96,664.318,707.562,707.562,711.884,715.298,715.04,-1.562,-1.67411,-1.66563
36,106,681.146,707.596,707.596,711.89,715.306,715.048,-1.00959,-1.12178,-1.1133
36,116,700.319,707.604,707.604,711.892,715.308,715.051,-0.380054,-0.492213,-0.483787
37,7,48.3531,23.8125,23.8125,16.2693,15.2488,15.4281,1.05359,1.08711,1.08122
37,17,22.2005,93.0141,93.0141,47.7462,45.9655,45.6101,-0.838891,-0.780415,-0.768742
37,27,124.132,280.753,280.753,128.734,127.121,124.183,-0.151133,-0.0981599,-0.00168563
37,37,256.965,524.213,524.213,287.069,288.631,280.444,-0.988583,-1.03987,-0.771008
37,47,500.953,654.889,654.889,478.397,483.202,472.906,0.740702,0.582903,0.921028
37,57,578.027,694.74,694.74,610.758,614.486,607.816,-1.07482,-1.19727,-0.97823
37,67,707.833,704.603,704.603,671.14,672.39,669.604,1.20497,1.16393,1.25539
37,77,659.263,706.911,706.911,693.435,693.086,692.367,-1.12218,-1.11071,-1.08711
37,87,673.063,707.446,707.446,701.005,699.912,700.064,-0.917573,-0.881675,-0.886659
37,97,701.956,707.569,707.569,703.502,702.102,702.589,-0.0507486,-0.00478622,-0.0207791
37,107,699.747,707.597,707.597,704.318,702.8,703.41,-0.150083,-0.100259,-0.120288
37,117,741.983,707.604,707.604,704.583,703.023,703.677,1.22814,1.27939,1.25792
38,8,18.7059,27.4351,27.4351,19.7183,21.4985,21.3982,-0.0332441,-0.0917026,-0.0884098
38,18,42.9367,105.54,105.54,88.5282,92.4036,90.0026,-1.49717,-1.62443,-1.54559
38,28,281.536,305.975,305.975,295.805,297.703,288.08,-0.468564,-0.530903,-0.21487
38,38,555.509,543.459,543.459,558.273,555.988,545.588,-0.0907528,-0.0157141,0.325811
38,48,702.818,661.623,661.623,679.308,679.202,674.986,0.772023,0.775513,0.913964
38,58,715.638,696.468,696.468,710.227,712.203,711.158,0.177679,0.112789,0.1471
38,68,704.692,705.012,705.012,716.777,719.511,719.425,-0.396861,-0.486654,-0.483828
38,78,735.084,707.007,707.007,718.106,721.058,721.223,0.557554,0.460613,0.455184
38,88,693.267,707.468,707.468,718.373,721.383,721.611,-0.824455,-0.923297,-0.930783
38,98,705.056,707.574,707.574,718.425,721.45,721.694,-0.439028,-0.538364,-0.546349
38,108,714.57,707.599,707.599,718.437,721.465,721.711,-0.127002,-0.226417,-0.234523
38,118,754.993,707.604,707.604,718.439,721.467,721.714,1.20038,1.10097,1.09284
39,9,11.105,31.5833,31.5833,15.4325,16.3938,16.5023,-0.142109,-0.173676,-0.17724
39,19,34.0704,119.423,119.423,48.5551,50.105,49.7343,-0.475659,-0.526556,-0.514384
39,29,97.6863,331.697,331.697,138.312,138.96,136.435,-1.3341,-1.35538,-1.27246
39,39,321.336,561.242,561.242,313.591,309.797,303.27,0.254344,0.378926,0.593285
39,49,484.424,667.549,667.549,508.391,501.523,493.821,-0.787038,-0.561514,-0.308588
39,59,639.234,697.971,697.971,625.959,621.038,615.948,0.435929,0.59753,0.764675
39,69,623.725,705.365,705.365,673.023,670.743,668.088,-1.61889,-1.54404,-1.45685
39,79,729.415,707.089,707.089,688.678,687.863,686.428,1.33774,1.36452,1.41166
39,89,663.564,707.487,707.487,693.555,693.365,692.424,-0.984871,-0.978628,-0.94773
39,99,681.847,707.578,707.578,695.044,695.092,694.337,-0.433377,-0.434976,-0.410173
39,109,737.422,707.6,707.6,695.495,695.632,694.945,1.37681,1.37233,1.39489
39,119,665.78,707.604,707.604,695.632,695.799,695.133,-0.980307,-0.985797,-0.963921
40,0,10.3696,8.70236,8.70236,9.17813,9.08358,8.70003,0.0391274,0.0422323,0.0548276
40,10,54.8612,36.3252,36.3252,45.4784,45.0258,43.7194,0.308121,0.322985,0.365883
40,20,155.392,134.724,134.724,187.747,186.131,183.487,-1.06248,-1.00941,-0.922584
40,30,478.849,357.659,357.659,468.628,465.84,464.548,0.335647,0.42721,0.469648
40,40,683.164,577.569,577.569,656.924,654.188,654.176,0.861679,0.951518,0.95192
40,50,653.315,672.754,672.754,711.721,709.123,708.943,-1.91797,-1.83267,-1.82677
40,60,688.497,699.273,699.273,723.274,720.721,720.353,-1.14203,-1.05821,-1.04611
40,70,760.831,705.675,705.675,725.53,722.984,722.555,1.15921,1.24283,1.25692
40,80,698.558,707.162,707.162,725.964,723.419,722.973,-0.899987,-0.816398,-0.801742
40,90,726.234,707.505,707.505,726.049,723.501,723.053,0.0060932,0.0897477,0.104456
40,100,741.836,707.583,707.583,726.065,723.518,723.07,0.517901,0.60154,0.616259
40,110,758.718,707.601,707.601,726.067,723.522,723.072,1.0722,1.1558,1.17056
41,1,8.65418,10.0601,10.0601,11.4578,10.2885,10.753,-0.0920667,-0.0536693,-0.0689227
41,11,61.9987,41.7352,41.7352,50.9139,47.7725,48.7406,0.364012,0.467172,0.435379
41,21,170.693,151.481,151.481,190.041,186.143,185.883,-0.635361,-0.507347,-0.498819
41,31,475.369,383.576,383.576,453.497,455.115,450.781,0.718229,0.665094,0.807432
41,41,613.12,592.443,592.443,643.001,645.396,641.78,-0.981237,-1.05989,-0.941155
41,51,713.278,677.311,677.311,705.696,705.591,704.089,0.248991,0.252442,0.301773
41,61,708.844,700.398,700.398,720.631,719.278,718.658,-0.387065,-0.342628,-0.322274
41,71,732.721,705.932,705.932,723.887,722.135,721.777,0.290075,0.347625,0.35937
41,81,725.799,707.22,707.22,724.584,722.721,722.433,0.039871,0.10107,0.110536
41,91,726.29,707.516,707.516,724.733,722.839,722.57,0.0511269,0.113324,0.122177
41,101,700.829,707.585,707.585,724.765,722.863,722.598,-0.786025,-0.723587,-0.714884
41,111,755.154,707.602,707.602,724.772,722.868,722.604,0.997713,1.06022,1.06889
42,2,57.0762,11.6261,11.6261,12.9077,14.2129,13.3502,1.45044,1.40758,1.43591
42,12,70.5165,47.8933,47.8933,63.2374,66.169,63.935,0.239036,0.142766,0.216128
42,22,243.422,169.707,169.707,241.483,241.686,239.701,0.0636638,0.0570021,0.122188
42,32,506.137,409.184,409.184,517.741,510.93,512.213,-0.38104,-0.157383,-0.199508
42,42,671.472,605.921,605.921,660.86,656.147,656.695,0.348487,0.503269,0.485265
42,52,703.344,681.3,681.3,697.352,695.412,694.615,0.196768,0.260481,0.286627
42,62,712.583,701.376,701.376,704.715,703.776,702.466,0.258399,0.289237,0.332241
42,72,734.772,706.165,706.165,706.127,705.462,704.004,0.940663,0.962506,1.01037
42,82,711.487,707.274,707.274,706.395,705.798,704.302,0.167206,0.18682,0.235959
42,92,680.328,707.529,707.529,706.446,705.866,704.359,-0.857695,-0.838634,-0.789149
42,102,710.287,707.588,707.588,706.456,705.878,704.369,0.125816,0.144794,0.194358
42,112,652.925,707.602,707.602,706.458,705.882,704.372,-1.75796,-1.73905,-1.68945
43,3,18.4595,13.4312,13.4312,17.5506,17.9242,17.7901,0.0298475,0.0175771,0.0219817
43,13,106.673,54.8856,54.8856,100.734,99.18,98.5638,0.195023,0.246065,0.2663
43,23,360.34,189.378,189.378,357.203,348.279,346.819,0.10301,0.396065,0.444012
43,33,565.722,434.206,434.206,581.456,576.858,575.228,-0.516678,-0.3657,-0.312167
43,43,671.747,618.056,618.056,642.568,643.494,641.878,0.958177,0.927777,0.98084
43,53,660.89,684.777,684.777,652.963,655.436,653.817,0.260304,0.17908,0.232277
43,63,633.262,702.221,702.221,654.567,657.362,655.739,-0.699641,-0.791415,-0.738124
43,73,622.162,706.36,706.36,654.811,657.667,656.045,-1.07215,-1.16595,-1.11267
43,83,635.505,707.319,707.319,654.848,657.715,656.093,-0.635202,-0.729351,-0.676084
43,93,623.629,707.54,707.54,654.854,657.723,656.101,-1.02539,-1.11959,-1.06633
43,103,683.628,707.59,707.59,654.855,657.724,656.102,0.944866,0.850655,0.903916
43,113,658.388,707.602,707.602,654.855,657.725,656.102,0.11604,0.0217941,0.0750928
44,4,31.0096,15.5103,15.5103,18.2539,17.9798,17.6435,0.418881,0.427883,0.438927
44,14,71.7951,62.801,62.801,86.5008,85.5601,84.2611,-0.482917,-0.452027,-0.409369
44,24,297.108,210.437,210.437,300.994,299.542,296.744,-0.127595,-0.0799259,0.011964
44,34,584.845,458.407,458.407,570.741,570.916,568.723,0.463143,0.457414,0.529433
44,44,671.177,628.932,628.932,688.321,689.673,688.381,-0.562969,-0.60738,-0.564938
44,54,715.457,687.81,687.81,716.452,718.058,716.988,-0.0326638,-0.0854044,-0.0502904
44,64,714.159,702.951,702.951,722.074,723.716,722.682,-0.259925,-0.313833,-0.279889
44,74,682.707,706.528,706.528,723.157,724.802,723.772,-1.32833,-1.38234,-1.34853
44,84,751.825,707.358,707.358,723.364,725.009,723.981,0.934606,0.880595,0.914371
44,94,767.273,707.549,707.549,723.404,725.048,724.022,1.44062,1.38661,1.42031
44,104,731.424,707.593,707.593,723.411,725.056,724.028,0.263122,0.209122,0.242865
44,114,716.822,707.603,707.603,723.413,725.057,724.03,-0.216412,-0.270431,-0.236673
45,5,48.3039,17.903,17.903,15.5791,14.9443,16.0791,1.07464,1.09549,1.05822
45,15,0.990667,71.7323,71.7323,71.9158,70.5159,72.0201,-2.3291,-2.28313,-2.33252
45,25,259.37,232.784,232.784,256.662,256.622,252.021,0.088944,0.0902378,0.241356
45,35,527.579,481.58,481.58,525.248,528.806,517.587,0.0765341,-0.0402934,0.328127
45,45,647.701,638.635,638.635,663.435,666.713,660.462,-0.516687,-0.624315,-0.419056
45,55,744.778,690.449,690.449,700.103,702.447,700.141,1.46709,1.39011,1.46584
45,65,740.364,703.586,703.586,707.893,709.867,708.882,1.06633,1.00149,1.03385
45,75,705.08,706.678,706.678,709.46,711.332,710.701,-0.143826,-0.205303,-0.184583
45,85,710.651,707.393,707.393,709.773,711.617,711.075,0.0288261,-0.0317313,-0.0139148
45,95,701.679,707.557,707.557,709.834,711.673,711.152,-0.267788,-0.328202,-0.311093
45,105,697.97,707.594,707.594,709.849,711.684,711.168,-0.390096,-0.450373,-0.433434
45,115,674.09,707.603,707.603,709.851,711.687,711.172,-1.17435,-1.23463,-1.21774
46,6,53.5743,20.6537,20.6537,20.0624,21.8038,20.2361,1.10049,1.0433,1.09479
46,16,92.6518,81.7736,81.7736,85.5571,89.0486,84.6633,0.232981,0.118326,0.262332
46,26,269.693,256.284,256.284,281.531,282.381,275.985,-0.38876,-0.416665,-0.206635
46,36,508.886,503.558,503.558,550.313,545.11,543.325,-1.36041,-1.18956,-1.13094
46,46,757.934,647.256,647.256,690.978,687.011,688.554,2.19874,2.329,2.27836
46,56,793.16,692.745,692.745,730.809,729.148,731.106,2.04754,2.10207,2.03779
46,66,746.881,704.132,704.132,739.902,739.216,741.073,0.229173,0.251699,0.190705
46,76,715.503,706.805,706.805,741.869,741.486,743.281,-0.865841,-0.85326,-0.912206
46,86,716.892,707.422,707.422,742.291,741.991,743.763,-0.834064,-0.824206,-0.882384
46,96,755.489,707.562,707.562,742.38,742.103,743.869,0.430466,0.439567,0.381577
46,106,715.551,707.596,707.596,742.4,742.128,743.89,-0.881708,-0.872761,-0.93064
46,116,741.916,707.604,707.604,742.405,742.133,743.897,-0.0160524,-0.00712664,-0.0650328
47,7,46.9475,23.8125,23.8125,23.1293,21.7425,22.1211,0.78216,0.827703,0.81527
47,17,22.9042,93.0141,93.0141,98.6552,94.9602,94.7687,-2.48757,-2.36623,-2.35994
47,27,310.663,280.753,280.753,306.315,302.253,298.385,0.142775,0.276154,0.403191
47,37,566.26,524.213,524.213,544.075,544.185,539.029,0.728537,0.724917,0.894232
47,47,618.018,654.889,654.889,648.598,650.178,647.547,-1.00421,-1.05609,-0.969697
47,57,647.622,694.74,694.74,675.54,677.035,675.819,-0.916789,-0.965881,-0.925939
47,67,688.708,704.603,704.603,681.414,682.779,682.003,0.23952,0.194718,0.220198
47,77,667.681,706.911,706.911,682.648,683.957,683.302,-0.491468,-0.534477,-0.512974
47,87,690.976,707.446,707.446,682.905,684.198,683.573,0.265064,0.222586,0.243103
47,97,621.505,707.569,707.569,682.958,684.247,683.629,-2.01804,-2.06036,-2.04008
47,107,692.09,707.597,707.597,682.969,684.257,683.641,0.299509,0.257213,0.277457
47,117,753.038,707.604,707.604,682.972,684.259,683.645,2.30092,2.25862,2.27879
48,8,-18.0278,27.4351,27.4351,13.9082,17.935,13.254,-1.04874,-1.18097,-1.02726
48,18,46.2765,105.54,105.54,52.1472,61.1884,50.0564,-0.192789,-0.489691,-0.124129
48,28,124.94,305.975,305.975,171.396,183.09,166.309,-1.52555,-1.90956,-1.35849
48,38,413.064,543.459,543.459,406.824,406.874,400.428,0.204912,0.203254,0.41493
48,48,604.995,661.623,661.623,623.577,614.087,620.228,-0.610223,-0.298602,-0.50026
48,58,777.026,696.468,696.468,720.76,714.558,719.686,1.84769,2.05138,1.88299
48,68,760.558,705.012,705.012,750.354,748.359,749.959,0.335107,0.400608,0.348077
48,78,753.37,707.007,707.007,758.233,758.26,757.981,-0.159679,-0.160559,-0.151413
48,88,783.833,707.468,707.468,760.251,761.039,760.029,0.774409,0.748554,0.781712
48,98,752.893,707.574,707.574,760.764,761.81,760.546,-0.258454,-0.292834,-0.251302
48,108,728.104,707.599,707.599,760.892,762.024,760.676,-1.07672,-1.11388,-1.06962
48,118,777.397,707.604,707.604,760.925,762.082,760.711,0.540915,0.502928,0.547928
49,9,11.2371,31.5833,31.5833,22.5337,19.9163,20.32,-0.370967,-0.285016,-0.298273
49,19,61.0446,119.423,119.423,69.3702,64.2126,64.1618,-0.273403,-0.104034,-0.102364
49,29,178.25,331.697,331.697,186.869,181.005,178.022,-0.283051,-0.0904887,0.00746986
49,39,353.799,561.242,561.242,383.245,383.222,375.639,-0.96697,-0.966211,-0.71719
49,49,567.641,667.549,667.549,561.857,566.982,559.873,0.189947,0.0216441,0.255115
49,59,696.987,697.971,697.971,654.077,658.607,655.126,1.40911,1.26036,1.37469
49,69,641.87,705.365,705.365,688.251,691.002,689.921,-1.52312,-1.61346,-1.57794
49,79,736.104,707.089,707.089,699.304,701.005,700.958,1.20845,1.15261,1.15414
49,89,679.195,707.487,707.487,702.718,703.961,704.293,-0.77246,-0.813278,-0.82421
49,99,664.174,707.578,707.578,703.757,704.823,705.289,-1.29984,-1.33484,-1.35017
49,109,760.182,707.6,707.6,704.071,705.073,705.587,1.84262,1.80973,1.79285
49,119,692.07,707.604,707.604,704.167,705.147,705.674,-0.397264,-0.429438,-0.446762
