id,time,y0,popPred_medianCOV,popPred,indivPred_SAEM,indivPred_mean,indivPred_mode,indWRes_SAEM,indWRes_mean,indWRes_mode
CR,0,10.2175,10.349,10.349,10.3111,10.3084,10.2885,-0.399062,-0.387562,-0.302981
CR,1.42857142857143,10.4404,10.6118,10.6118,10.7274,10.7172,10.6856,-1.22409,-1.18045,-1.04583
CR,2.85714285714286,11.0152,10.6847,10.6847,11.0635,11.0489,11.0276,-0.205791,-0.14353,-0.0529028
CR,4.28571428571429,11.5954,10.6913,10.6913,11.3446,11.3276,11.3214,1.06957,1.14233,1.16863
CR,5.71428571428571,11.7893,10.6645,10.6645,11.5637,11.5465,11.555,0.961776,1.0354,0.998827
CR,7.14285714285714,11.7354,10.6196,10.6196,11.7015,11.6869,11.7076,0.144376,0.206977,0.118653
CR,8.57142857142857,11.6626,10.5661,10.5661,11.7392,11.7296,11.7562,-0.326874,-0.286044,-0.399224
CR,10,11.5888,10.5097,10.5097,11.6798,11.6753,11.6907,-0.38779,-0.368699,-0.434259
CR,10,11.5888,10.5097,10.5097,11.6798,11.6753,11.6907,-0.387791,-0.3687,-0.434259
CR,16,11.2804,10.2705,10.2705,11.3271,11.3214,11.1968,-0.199075,-0.174868,0.356305
CR,22,10.9761,10.0313,10.0313,11.0643,11.0635,10.9445,-0.376223,-0.37245,0.134984
CR,28,10.6809,9.79202,9.79202,10.8017,10.8056,10.6932,-0.515176,-0.531987,-0.0526875
CR,34,10.4015,9.55278,9.55278,10.539,10.5478,10.442,-0.586169,-0.623565,-0.172402
CR,40,10.15,9.31357,9.31357,10.2763,10.2899,10.1907,-0.538703,-0.596684,-0.173656
CR,40,10.15,9.31357,9.31357,10.2763,10.2899,10.1907,-0.538704,-0.596685,-0.173656
CR,42,10.0749,9.23384,9.23384,10.1888,10.204,10.107,-0.485611,-0.550455,-0.136803
CR,44,10.0051,9.15411,9.15411,10.1012,10.118,10.0232,-0.409876,-0.481583,-0.0773081
CR,46,9.94098,9.07439,9.07439,10.0137,10.0321,9.93947,-0.309887,-0.388457,0.00644045
CR,48,9.88291,8.99467,8.99467,9.9261,9.94613,9.85573,-0.184175,-0.269604,0.115916
CR,50,9.83106,8.91496,8.91496,9.83854,9.86018,9.77198,-0.031888,-0.124178,0.251966
NR,0,10.854,10.349,10.349,10.6125,10.6312,10.5881,1.03009,0.949977,1.13413
NR,1.42857142857143,10.8124,10.6118,10.6118,10.5418,10.5594,10.535,1.15394,1.07872,1.18285
NR,2.85714285714286,10.7218,10.6847,10.6847,10.4688,10.4866,10.4598,1.07868,1.0028,1.11699
NR,4.28571428571429,10.6063,10.6913,10.6913,10.3958,10.4138,10.3846,0.897781,0.82125,0.945499
NR,5.71428571428571,10.477,10.6645,10.6645,10.3228,10.3409,10.3094,0.657257,0.580073,0.714382
NR,7.14285714285714,10.3396,10.6196,10.6196,10.2498,10.2681,10.2342,0.382767,0.304932,0.449302
NR,8.57142857142857,10.198,10.5661,10.5661,10.1769,10.1953,10.159,0.089999,0.0115104,0.165953
NR,10,10.0547,10.5097,10.5097,10.1039,10.1224,10.0839,-0.209805,-0.288945,-0.124439
NR,10,10.0547,10.5097,10.5097,10.1039,10.1224,10.0839,-0.209803,-0.288943,-0.124437
NR,16,9.47262,10.2705,10.2705,9.79733,9.81653,9.76803,-1.3847,-1.46657,-1.25977
NR,22,8.98133,10.0313,10.0313,9.49079,9.51063,9.45222,-2.17259,-2.2572,-2.00811
NR,28,8.62905,9.79202,9.79202,9.18426,9.20474,9.13641,-2.36769,-2.45503,-2.16365
NR,34,8.42638,9.55278,9.55278,8.87772,8.89884,8.82061,-1.92474,-2.01481,-1.68116
NR,40,8.35285,9.31357,9.31357,8.57119,8.59295,8.5048,-0.931118,-1.02391,-0.647995
NR,40,8.35284,9.31357,9.31357,8.57119,8.59295,8.5048,-0.931191,-1.02398,-0.648068
NR,42,8.35154,9.23384,9.23384,8.46902,8.49099,8.39954,-0.500999,-0.594699,-0.204696
NR,44,8.35981,9.15411,9.15411,8.36684,8.38903,8.29427,-0.0300111,-0.12462,0.279471
NR,46,8.37659,9.07439,9.07439,8.26467,8.28707,8.189,0.477293,0.381774,0.799954
NR,48,8.40084,8.99467,8.99467,8.16249,8.1851,8.08374,1.01646,0.920032,1.3523
NR,50,8.43173,8.91496,8.91496,8.06032,8.08314,7.97847,1.58392,1.48659,1.93294
CD19+ relapse,0,10.0885,10.349,10.349,10.2433,10.2449,10.1889,-0.660331,-0.666855,-0.428404
CD19+ relapse,3.14285714285714,10.3908,10.6898,10.6898,10.8121,10.8147,10.5938,-1.79677,-1.80762,-0.865573
CD19+ relapse,6.28571428571429,10.9594,10.6481,10.6481,11.0189,11.0097,10.7997,-0.253782,-0.214468,0.681002
CD19+ relapse,9.42857142857143,11.0869,10.5324,10.5324,11.0686,11.0433,10.8456,0.0783274,0.186183,1.0293
CD19+ relapse,12.5714285714286,10.9257,10.4072,10.4072,11.0093,10.9756,10.7491,-0.356364,-0.2129,0.753391
CD19+ relapse,15.7142857142857,10.7626,10.2819,10.2819,10.9188,10.8843,10.6256,-0.666478,-0.519377,0.584177
CD19+ relapse,18.8571428571429,10.5996,10.1566,10.1566,10.8286,10.7934,10.528,-0.976403,-0.826082,0.305621
CD19+ relapse,22,10.4371,10.0313,10.0313,10.7386,10.7025,10.4347,-1.28542,-1.13161,0.0105556
CD19+ relapse,22,10.4371,10.0313,10.0313,10.7386,10.7025,10.4347,-1.28542,-1.13161,0.0105556
CD19+ relapse,35.2,9.765,9.50494,9.50494,10.361,10.3216,10.0431,-2.54155,-2.37378,-1.18613
CD19+ relapse,48.4,9.14548,8.97873,8.97873,9.9855,9.94352,9.65165,-3.58231,-3.40326,-2.15861
CD19+ relapse,61.6,8.69101,8.45273,8.45273,9.61623,9.57397,9.26024,-3.9456,-3.7654,-2.42746
CD19+ relapse,74.8,8.48377,7.92704,7.92704,9.26865,9.23663,8.86899,-3.34716,-3.21058,-1.64277
CD19+ relapse,88,8.42122,7.40175,7.40175,8.99837,9.01294,8.47818,-2.46126,-2.52338,-0.242903
CD19+ relapse,88,8.4212,7.40175,7.40175,8.99837,9.01294,8.47818,-2.46135,-2.52347,-0.24299
CD19+ relapse,92.4,8.40739,7.22677,7.22677,8.94354,8.98393,8.34813,-2.28643,-2.45867,0.252723
CD19+ relapse,96.8,8.3862,7.05184,7.05184,8.91017,8.97622,8.21829,-2.23447,-2.51616,0.716074
CD19+ relapse,101.2,8.34519,6.87698,6.87698,8.89433,8.98019,8.08878,-2.34181,-2.70796,1.09345
CD19+ relapse,105.6,8.26927,6.70218,6.70218,8.88737,8.98327,7.95983,-2.6359,-3.04485,1.31962
CD19+ relapse,110,8.15976,6.52746,6.52746,8.879,8.97492,7.83182,-3.06721,-3.47627,1.39849
