id,time,y,popPred_medianCOV,popPred,indivPred_SAEM,indivPred_mean,indivPred_mode,indWRes_SAEM,indWRes_mean,indWRes_mode
0,1,11.6345,7.82616,7.82616,8.56416,8.433,8.37114,0.11099,0.115732,0.117968
0,11,58.5726,32.8195,32.8195,44.1499,44.0812,43.4222,0.521369,0.523854,0.547674
0,21,207.751,123.58,123.58,187.816,189.438,186.075,0.720661,0.662024,0.783572
0,31,478.332,339.495,339.495,468.445,471.923,466.982,0.357412,0.231684,0.410295
0,41,624.05,567.53,567.53,646.19,647.057,645.357,-0.800342,-0.831701,-0.770213
0,51,642.732,671.217,671.217,694.718,693.8,693.895,-1.87926,-1.84609,-1.84952
0,61,713.221,700.657,700.657,704.454,703.02,703.587,0.316892,0.368755,0.348258
0,71,698.967,707.797,707.797,706.278,704.718,705.388,-0.264261,-0.207866,-0.232113
0,81,701.355,709.459,709.459,706.614,705.025,705.717,-0.190122,-0.132662,-0.157691
0,91,711.545,709.84,709.84,706.677,705.082,705.78,0.175979,0.23364,0.208397
0,101,715.085,709.927,709.927,706.689,705.092,705.79,0.303501,0.36123,0.335988
0,111,743.034,709.948,709.948,706.69,705.094,705.794,1.31379,1.3715,1.34618
1,2,32.0827,9.04951,9.04951,9.1596,9.07913,9.11826,0.828656,0.831565,0.83015
1,12,53.2897,37.7397,37.7397,40.4223,40.3632,40.2415,0.465146,0.467283,0.471683
1,22,152.208,139.307,139.307,155.504,156.171,154.9,-0.119155,-0.143274,-0.097314
1,32,389.618,365.573,365.573,406.357,408.27,405.402,-0.605096,-0.674243,-0.570569
1,42,635.441,583.534,583.534,624.947,625.599,624.368,0.379357,0.355771,0.400256
1,52,750.09,676.267,676.267,707.468,706.544,707.209,1.54079,1.57417,1.55013
1,62,734.707,701.916,701.916,728.323,726.785,728.164,0.230768,0.286371,0.236532
1,72,735.814,708.088,708.088,733.007,731.292,732.872,0.101458,0.163458,0.10636
1,82,756.273,709.523,709.523,734.029,732.268,733.899,0.804089,0.867766,0.8088
1,92,697.023,709.855,709.855,734.251,732.478,734.122,-1.34577,-1.28167,-1.34111
1,102,731.334,709.933,709.933,734.299,732.521,734.168,-0.107181,-0.0429131,-0.102458
1,112,755.43,709.95,709.95,734.309,732.532,734.18,0.763516,0.827755,0.768184
2,3,40.64,10.4612,10.4612,11.3338,11.0865,11.0975,1.0594,1.06834,1.06795
2,13,51.4551,43.3501,43.3501,53.1409,52.3704,52.0729,-0.0609413,-0.0330877,-0.0223362
2,23,211.455,156.502,156.502,203.712,202.446,200.488,0.279893,0.325684,0.396459
2,33,458.57,391.533,391.533,471.304,471.333,467.803,-0.460308,-0.46138,-0.333747
2,43,658.205,598.091,598.091,639.669,640.752,638.476,0.670047,0.63092,0.71317
2,53,667.116,680.681,680.681,688.992,690.137,688.865,-0.790787,-0.832167,-0.786211
2,63,734.719,703.003,703.003,699.806,700.89,699.94,1.26207,1.22291,1.25722
2,73,676.314,708.343,708.343,702.012,703.07,702.203,-0.928957,-0.967204,-0.935855
2,83,644.099,709.582,709.582,702.455,703.506,702.656,-2.10954,-2.14751,-2.11679
2,93,704.71,709.869,709.869,702.543,703.593,702.748,0.0783304,0.0403834,0.0709166
2,103,695.493,709.933,709.933,702.56,703.61,702.768,-0.255488,-0.29342,-0.262984
2,113,749.259,709.95,709.95,702.565,703.614,702.772,1.68797,1.65006,1.6805
3,4,35.8106,12.0893,12.0893,14.2599,13.8877,13.8617,0.779045,0.7925,0.79344
3,14,43.1422,49.7329,49.7329,72.0463,71.2528,70.9337,-1.04486,-1.01618,-1.00465
3,24,316.84,175.167,175.167,272.555,273.073,271.671,1.60087,1.58215,1.63282
3,34,530.414,417.105,417.105,550.879,553.67,552.034,-0.739766,-0.840672,-0.781537
3,44,670.17,611.256,611.256,676.246,678.4,677.519,-0.219649,-0.297513,-0.265652
3,54,689.216,684.54,684.54,705.389,706.891,706.333,-0.584656,-0.638937,-0.618757
3,64,706.238,703.945,703.945,710.949,712.241,711.764,-0.170279,-0.216973,-0.19973
3,74,728.235,708.562,708.562,711.969,713.207,712.748,0.58801,0.543248,0.559834
3,84,722.985,709.633,709.633,712.154,713.38,712.925,0.391561,0.347212,0.363669
3,94,714.358,709.88,709.88,712.188,713.411,712.957,0.0784561,0.034238,0.0506486
3,104,723.365,709.937,709.937,712.194,713.416,712.962,0.403841,0.359639,0.376054
3,114,718.222,709.949,709.949,712.195,713.417,712.964,0.217897,0.173697,0.190094
4,5,-2.23744,13.9658,13.9658,14.3036,14.1233,14.1054,-0.597949,-0.591431,-0.590783
4,15,44.5772,56.9754,56.9754,60.1351,59.483,59.2062,-0.562407,-0.538836,-0.528828
4,25,201.099,195.273,195.273,207.924,206.371,205.032,-0.246709,-0.190597,-0.142184
4,35,466.089,442.027,442.027,457.155,455.844,453.496,0.322959,0.370348,0.455234
4,45,597.324,623.096,623.096,622.743,622.648,620.846,-0.918879,-0.915475,-0.850331
4,55,726.779,687.903,687.903,677.155,677.602,676.372,1.79389,1.77772,1.82218
4,65,645.452,704.76,704.76,690.536,691.125,690.096,-1.62977,-1.65105,-1.61386
4,75,640.231,708.752,708.752,693.577,694.192,693.222,-1.92843,-1.95066,-1.91558
4,85,696.99,709.677,709.677,694.255,694.874,693.923,0.0988633,0.0765006,0.110868
4,95,716.762,709.89,709.89,694.406,695.025,694.08,0.808169,0.785808,0.819952
4,105,689.318,709.939,709.939,694.441,695.057,694.116,-0.185195,-0.207494,-0.173453
4,115,699.23,709.951,709.951,694.448,695.065,694.123,0.172894,0.150583,0.184624
5,6,57.3572,16.1268,16.1268,12.3165,12.6639,12.5532,1.62819,1.61564,1.61964
5,16,37.2072,65.1681,65.1681,34.3947,35.0603,34.7542,0.101671,0.0776084,0.0886742
5,26,60.2545,216.753,216.753,90.7626,91.716,90.9565,-1.10285,-1.13731,-1.10986
5,36,212.591,466.069,466.069,210.002,210.574,209.099,0.0935903,0.0729237,0.126247
5,46,427.217,633.694,633.694,385.446,384.728,382.839,1.50999,1.53596,1.60425
5,56,495.522,690.837,690.837,542.444,541.013,539.432,-1.6962,-1.64445,-1.58733
5,66,615.396,705.47,705.47,631.576,630.475,629.381,-0.584911,-0.545095,-0.505579
5,76,653.664,708.921,708.921,669.703,669.124,668.318,-0.579801,-0.558877,-0.529739
5,86,648.46,709.718,709.718,684.009,683.765,683.083,-1.28506,-1.27625,-1.25159
5,96,683.888,709.901,709.901,689.107,689.03,688.396,-0.188691,-0.185903,-0.162985
5,106,681.101,709.942,709.942,690.891,690.888,690.271,-0.353882,-0.3538,-0.331493
5,116,733.846,709.952,709.952,691.512,691.54,690.929,1.53035,1.52933,1.55143
6,7,34.2769,18.6132,18.6132,18.6145,18.5834,18.5987,0.566185,0.56731,0.566759
6,17,53.1062,74.4046,74.4046,76.9706,76.4758,76.494,-0.862683,-0.844797,-0.845455
6,27,235.978,239.494,239.494,250.89,248.897,248.864,-0.539073,-0.467,-0.465824
6,37,494.541,489.031,489.031,501.417,499.14,499.112,-0.248577,-0.166256,-0.165243
6,47,688.655,643.138,643.138,643.505,642.866,642.97,1.63215,1.65524,1.65148
6,57,681.248,693.39,693.39,686.524,686.846,687.031,-0.190702,-0.202363,-0.209056
6,67,704.395,706.078,706.078,696.822,697.456,697.671,0.273786,0.250844,0.243081
6,77,730.672,709.061,709.061,699.14,699.859,700.082,1.13988,1.11387,1.10582
6,87,686.831,709.749,709.749,699.656,700.396,700.62,-0.463582,-0.490357,-0.49844
6,97,699.795,709.908,709.908,699.769,700.516,700.739,0.000931473,-0.0260633,-0.034143
6,107,653.38,709.944,709.944,699.795,700.542,700.764,-1.67789,-1.70489,-1.7129
6,117,676.147,709.952,709.952,699.801,700.548,700.77,-0.855078,-0.882077,-0.890106
7,8,-1.58531,21.471,21.471,20.1474,19.5867,19.701,-0.785622,-0.765353,-0.769486
7,18,72.4684,84.7785,84.7785,73.4231,71.7808,71.9613,-0.0345083,0.0248598,0.018332
7,28,233.973,263.348,263.348,224.023,220.699,220.686,0.359666,0.479845,0.480298
7,38,446.564,510.756,510.756,468.137,464.95,464.665,-0.779852,-0.664651,-0.654332
7,48,649.99,651.52,651.52,647.509,645.971,646.139,0.0896913,0.145308,0.139231
7,58,722.89,695.608,695.608,717.396,716.626,717.316,0.198611,0.22646,0.201501
7,68,771.453,706.603,706.603,737.633,737.034,737.968,1.22256,1.24422,1.21046
7,78,770.99,709.18,709.18,742.958,742.385,743.406,1.01332,1.03402,0.997142
7,88,753.687,709.776,709.776,744.325,743.753,744.796,0.338446,0.359102,0.321402
7,98,715.46,709.913,709.913,744.675,744.1,745.15,-1.05609,-1.03532,-1.07328
7,108,772.965,709.945,709.945,744.764,744.189,745.242,1.01946,1.04025,1.00217
7,118,757.313,709.952,709.952,744.787,744.211,745.265,0.452821,0.473637,0.435548
8,9,53.2164,24.752,24.752,23.3371,22.6143,22.7004,1.08012,1.10625,1.10314
8,19,63.2079,96.379,96.379,83.6173,81.8843,81.753,-0.737786,-0.675139,-0.670393
8,29,266.888,288.124,288.124,244.187,241.778,240.594,0.820606,0.907696,0.950486
8,39,437.789,531.126,531.126,477.726,476.61,474.634,-1.44371,-1.40336,-1.33193
8,49,666.217,658.932,658.932,631.465,631.336,630.221,1.25624,1.26093,1.30124
8,59,683.178,697.534,697.534,687.82,687.669,687.412,-0.167784,-0.162319,-0.15304
8,69,680.669,707.058,707.058,703.81,703.51,703.614,-0.836534,-0.825683,-0.829437
8,79,666.335,709.285,709.285,708,707.623,707.843,-1.50617,-1.49252,-1.5005
8,89,696.624,709.8,709.8,709.073,708.666,708.928,-0.450013,-0.435311,-0.444762
8,99,744.086,709.919,709.919,709.345,708.93,709.205,1.25583,1.27084,1.26092
8,109,725.932,709.946,709.946,709.415,708.996,709.275,0.597077,0.612224,0.602143
8,119,722.12,709.952,709.952,709.434,709.014,709.294,0.458612,0.473783,0.463681
9,10,-58.28,28.5136,28.5136,23.473,23.5749,23.3102,-2.95532,-2.959,-2.94943
9,20,77.7976,109.289,109.289,79.4352,79.3,78.5388,-0.0591978,-0.0543113,-0.0267937
9,30,218.978,313.588,313.588,224.846,223.602,222.071,-0.212092,-0.167149,-0.111805
9,40,439.715,550.063,550.063,446.619,444.38,442.859,-0.249571,-0.168657,-0.113663
9,50,606.54,665.47,665.47,609.757,608.379,607.663,-0.116308,-0.0665032,-0.0406262
9,60,679.599,699.207,699.207,676.824,676.553,676.329,0.100305,0.110123,0.1182
9,70,744.377,707.452,707.452,697.638,697.904,697.841,1.68959,1.67997,1.68225
9,80,663.836,709.377,709.377,703.504,703.967,703.947,-1.43398,-1.45072,-1.44998
9,90,683.274,709.822,709.822,705.114,705.642,705.631,-0.789495,-0.808589,-0.808181
9,100,737.096,709.924,709.924,705.551,706.101,706.094,1.14031,1.12042,1.12069
9,110,682.886,709.947,709.947,705.671,706.225,706.218,-0.823662,-0.843678,-0.843422
