rep,id,rP,nC,e,KP,rTA,Kr,KA,lTA,kA,lTN,rN,km,kb,KN,nP0,nTA0,nTN0,nN0
1,0,0.0907766,1305.74,38.7586,27.3039,3.09655,103.143,48.2371,0.117311,0.923889,0.10116,0.106651,4.60556e-07,14.9295,16377.9,2200.25,49.998,16.5002,18.6224
2,0,0.226278,3689.42,69.3719,811.464,1.82622,29.697,215.716,0.117317,0.786775,0.101157,0.0982889,0.000473522,6.24068,81475.8,2200.23,49.9996,16.5002,19.6008
3,0,0.130303,21090.5,24.4209,204.4,1.67822,287.847,0.694428,0.117325,0.33676,0.101153,0.0919051,0.000313792,14.8981,42296.7,2200.23,50.0006,16.5003,18.7289
4,0,0.410779,18932.3,29.7097,201.879,2.14801,518.927,129.727,0.117322,0.514395,0.101165,0.092762,0.000263847,20.7271,26380.4,2200.24,50.0007,16.4999,18.9448
5,0,0.0285201,787.752,29.6041,45.1569,2.70315,261.933,44.5441,0.117307,0.699927,0.101155,0.120195,6.69765e-07,15.4648,6089.1,2200.24,50.0025,16.5,19.6056
6,0,0.0880075,1307.76,38.786,27.3843,3.09607,102.787,47.9823,0.117313,0.92381,0.101165,0.105981,1.36214e-06,15.4616,16644.8,2200.24,49.9975,16.5,18.9256
7,0,0.226278,3711.15,69.3691,811.292,1.82667,29.7023,215.394,0.117347,0.78642,0.101169,0.0974268,0.00103306,7.01444,74577.5,2200.25,50.003,16.5,19.3434
8,0,0.130303,21013.2,24.4219,204.4,1.6786,287.841,0.693698,0.117338,0.336964,0.101144,0.092618,5.2882e-05,11.8134,43151.4,2200.23,49.9976,16.4999,18.9929
9,0,0.410779,18991.8,29.7078,201.789,2.14779,518.924,129.746,0.11732,0.514465,0.101137,0.0926962,0.000412214,21.2457,24457.8,2200.25,50.0003,16.5001,18.5696
10,0,0.0285118,787.752,29.5995,45.1286,2.7043,262.47,44.4308,0.117315,0.700268,0.101125,0.121709,0.000172296,15.1692,5702.84,2200.24,49.9998,16.5,19.735
1,1,2.33659e-06,4655.38,14.7107,2.94295,2.13156,1089.06,145.743,0.105458,0.398329,0.104898,0.0975823,3.28167e-05,10.809,20776.8,2200.24,50.0012,16.5,18.6716
2,1,0.00043944,5047.21,26.4723,318.656,1.5137,186.776,0.729388,0.105452,0.302872,0.104926,0.097741,7.99605e-06,18.0272,14489.8,2200.24,50.0017,16.5,19.92
3,1,0.00524657,14606.7,8.36138,4.53008,0.777468,425.9,445.07,0.105448,0.247373,0.104897,0.0950812,2.58798e-06,23.9314,4415.91,2200.23,50.004,16.4999,19.5616
4,1,0.0869259,53984.3,13.574,16.029,0.840324,56.163,0.018253,0.10546,0.238874,0.104893,0.0931263,0.000908856,6.47836,24576.3,2200.25,50.0034,16.4998,18.7008
5,1,0.00128571,7335.57,19.119,167.576,0.931935,20.6401,26.792,0.105452,0.297749,0.104893,0.0963216,0.000140799,27.659,7704.5,2200.24,50.0005,16.5001,19.5318
6,1,4.27486e-06,3967.09,14.7143,3.09648,2.13202,1089.15,146.045,0.105449,0.398479,0.1049,0.0964439,0.000173222,9.34261,26333.7,2200.24,50.0024,16.4998,18.9678
7,1,0.000244572,4412.8,26.4712,318.683,1.51362,186.701,0.73528,0.105476,0.303136,0.10489,0.0969525,1.00136e-05,18.6809,13377.8,2200.25,49.999,16.5001,20.4775
8,1,0.0053814,14593.9,8.35864,4.40575,0.777154,425.986,445.07,0.105465,0.247233,0.104881,0.0945914,6.76069e-06,30.7633,4380.74,2200.24,50.0027,16.5001,19.2841
9,1,0.0870284,63290.8,13.5718,15.9762,0.840034,56.4566,0.0256191,0.10545,0.238945,0.104939,0.0937252,0.000917422,6.02697,27888.9,2200.25,50.0032,16.4997,18.0401
10,1,0.00161915,12642,19.1225,167.646,0.931817,20.5955,26.931,0.105468,0.297776,0.104899,0.0948613,1.9536e-06,32.8841,7157.03,2200.24,50.0003,16.5,19.8528
1,2,0.000206791,17337.4,32.2575,981.24,0.517965,23.2731,17.2048,0.129128,0.208092,0.087697,0.0952422,3.14237e-06,7.91079,51672,2200.23,50.0003,16.5002,19.5352
2,2,0.366612,542.339,138.388,7.36264,8.47598,9.33191,5.32136,0.128735,3.49335,0.0878192,0.157354,0.061873,5.19184,23232.7,2200.23,50.0002,16.4996,20.0706
3,2,0.000808236,1034.54,72.6201,247.863,3.33211,93.7614,4.6855,0.128757,1.105,0.0878044,0.117745,7.78882e-07,8.00773,25521.4,2200.24,50.0027,16.5001,20.1931
4,2,0.0922297,40775.8,16.6347,1.33293,0.918633,94.8768,219.515,0.128784,0.423815,0.087816,0.0951239,8.2813e-05,11.0812,24384.6,2200.25,49.9977,16.5001,19.0083
5,2,0.000350613,3344.26,11.6561,21.3515,0.525466,0.798603,221.737,0.128763,0.283478,0.0878045,0.100345,3.03255e-05,11.7835,8702.36,2200.24,50.0002,16.5002,18.748
6,2,1.48168e-05,9469.81,32.3157,967.307,0.524965,23.281,16.482,0.129076,0.20985,0.0877206,0.0946738,4.68966e-06,7.45088,58380,2200.24,49.9978,16.4998,19.9826
7,2,0.369937,545.122,138.314,7.29586,8.4726,9.33961,5.18001,0.128746,3.49293,0.087812,0.158305,0.0605027,5.35361,22784.3,2200.24,50.0018,16.5002,18.6593
8,2,0.000451922,1070.26,72.6166,247.828,3.33246,93.8672,4.73595,0.128753,1.10562,0.0877933,0.116436,9.38538e-08,8.54596,23838.3,2200.24,50.0012,16.4999,20.6833
9,2,0.0922297,52078,16.6376,1.18585,0.918405,94.9509,219.88,0.128772,0.423766,0.0878036,0.0940778,5.35502e-06,11.1871,35435.2,2200.25,49.996,16.4999,19.3405
10,2,0.000391287,3660.91,11.6572,21.3867,0.52578,0.827481,221.694,0.128775,0.283561,0.087785,0.0991821,2.12901e-06,16.3793,7136.55,2200.22,49.9994,16.4998,19.0036
1,3,0.0108594,1137.62,18.9288,9.66535,1.39831,77.456,190.519,0.112825,0.46686,0.104981,0.107569,2.87395e-06,12.3528,4768.04,2200.26,49.9995,16.5001,20.3424
2,3,0.0864842,11091.6,15.3995,8.31472,1.31858,322.329,0.000245814,0.112809,0.291506,0.104999,0.0914144,4.08012e-05,16.2016,9292.64,2200.24,50.0022,16.5,18.5622
3,3,0.00231195,2690.54,33.4958,0.0657353,2.50248,51.6066,52.6327,0.11284,0.756627,0.104971,0.0955522,2.91542e-06,24.0596,9491.87,2200.24,49.9993,16.5002,18.999
4,3,0.393773,428.033,69.3776,12.8852,5.62948,12.6261,83.5682,0.112833,1.86539,0.104983,0.149335,1.39195e-05,17.4681,5437.16,2200.24,50.0025,16.5001,22.9645
5,3,0.0014921,444.264,57.7878,2.01082,4.41661,57.6521,0.00201778,0.112817,1.23237,0.10498,0.157745,0.0276873,6.5223,8280.06,2200.24,49.9988,16.5,21.1729
6,3,0.0107599,1135.4,18.935,9.91671,1.39875,77.7878,190.841,0.112834,0.466694,0.104994,0.106455,1.18375e-05,12.6453,5002.39,2200.24,50.0028,16.5001,20.3811
7,3,0.0864842,11224.2,15.4018,8.42421,1.31853,322.34,0.000233737,0.112833,0.291438,0.104981,0.0915339,7.76094e-05,15.5717,9333.64,2200.24,50.0033,16.4999,18.6565
8,3,0.00188142,3543.58,33.5296,0.0580884,2.50378,51.4545,52.3455,0.112803,0.756683,0.104989,0.0948795,1.47668e-06,26.7685,8370.28,2200.24,49.9996,16.4999,19.1384
9,3,0.393773,428.033,69.4097,12.9416,5.63064,12.5744,83.3147,0.11284,1.86631,0.104963,0.148116,7.13645e-07,18.3631,5307.37,2200.24,50.003,16.5001,22.9375
10,3,0.00225295,477.199,57.7784,2.14851,4.41621,57.6678,0.00444232,0.112814,1.23237,0.104988,0.156288,0.0287228,6.49321,8238.74,2200.24,50,16.5001,20.4993
1,4,0.0476802,1595.94,13.1921,30.3247,0.866692,18.6938,12.3995,0.114684,0.284146,0.0855604,0.103532,7.13384e-05,5.81363,11781.5,2200.25,49.9982,16.4999,19.5105
2,4,0.0107902,917.005,19.0717,107.745,1.21794,52.6638,70.8255,0.114676,0.41378,0.0855739,0.120758,6.16606e-05,7.06226,5614.93,2200.23,49.9979,16.5,23.4246
3,4,0.121553,407865,54.7042,50.2564,3.64808,16.6507,15.7158,0.114683,1.20676,0.0855738,0.0937267,2.39796e-05,18.37,28949.8,2200.23,50.0026,16.5002,19.2718
4,4,0.0036687,883.686,44.2415,27.2844,3.09768,8.42016,0.369054,0.114669,0.993385,0.0855649,0.114074,2.00787e-06,9.67957,20098.6,2200.24,49.9992,16.5003,18.5123
5,4,0.348269,22581.6,18.2295,68.4829,1.42831,585.018,0.11192,0.114681,0.287779,0.0855469,0.0933431,6.04646e-06,12.0178,15056.1,2200.24,50.0003,16.4999,19.631
6,4,0.000759294,1671.44,13.1981,30.3911,0.867073,18.8975,12.1814,0.114682,0.284047,0.0855594,0.10371,8.92165e-05,5.34207,11017.7,2200.24,50.0028,16.5001,20.3245
7,4,0.0110533,921.888,19.0735,107.74,1.21754,52.5192,70.8174,0.114659,0.413793,0.0855718,0.121401,9.0931e-07,7.07732,5808.4,2200.23,49.998,16.5,22.5374
8,4,0.121065,140540,54.6732,50.2847,3.64842,16.7325,15.4305,0.114697,1.20599,0.0855663,0.0937886,0.000154384,17.5875,24820.4,2200.24,50.001,16.5,20.0271
9,4,0.00460753,925.649,44.2464,27.3039,3.09766,8.35383,0.332243,0.114683,0.992449,0.0855678,0.112962,6.34715e-08,9.14643,20561.9,2200.24,49.9977,16.4999,19.1922
10,4,0.348269,22674.4,18.228,68.3958,1.42811,585.333,0.116505,0.114684,0.287804,0.0855626,0.0923005,3.6009e-06,13.6739,14656.2,2200.25,49.9961,16.5,19.8459
1,5,0.00210125,10108,32.8387,25.075,1.97166,3.65307,0.176472,0.114334,0.636745,0.107482,0.0918591,1.2962e-06,10.5999,15224.7,2200.23,49.9982,16.5001,20.1519
2,5,0.0268755,1620.8,14.8895,0.555194,1.10368,137.568,2.33231,0.114304,0.314957,0.107483,0.100309,6.42836e-06,2.19994,25035.7,2200.24,50.0031,16.5,19.433
3,5,0.0792981,13721.8,16.3502,26.222,0.977413,53.4761,3.09547,0.114333,0.298643,0.107501,0.0909562,0.000178968,3.66426,23610.3,2200.23,50.0004,16.4999,19.2849
4,5,0.00824365,7223.64,26.2921,10.9867,1.73863,34.8347,27.6961,0.114333,0.570195,0.107509,0.0916107,5.28756e-05,8.05489,16160.9,2200.25,50.0002,16.5001,20.0293
5,5,0.013845,986.373,24.036,5.63054,1.67397,59.1127,0.0060161,0.114324,0.506042,0.1075,0.106677,3.15832e-06,9.10705,8803.29,2200.24,49.9999,16.5,18.8505
6,5,0.00109774,10535.1,32.851,25.1056,1.97301,3.69531,0.156323,0.114317,0.636405,0.107497,0.0941835,1.80656e-06,8.81403,14470,2200.24,50.0033,16.4999,20.553
7,5,0.00463228,1600.44,14.8872,0.669218,1.10358,137.826,2.82958,0.114328,0.315066,0.107496,0.101251,1.05095e-05,2.24272,26113.5,2200.24,50.0035,16.4999,18.4669
8,5,0.0792981,13363.8,16.3526,26.1635,0.977759,53.5004,3.06919,0.114316,0.298812,0.107495,0.0908675,1.99493e-05,3.51299,27141.1,2200.25,49.9994,16.5,19.5076
9,5,0.00803416,10131.6,26.3028,11.0166,1.7394,35.0187,27.1051,0.114325,0.569893,0.107501,0.0926686,0.000110447,7.76087,14787,2200.24,50.0015,16.5,20.3123
10,5,0.0153761,953.695,24.0345,6.0405,1.67548,59.6524,0.0067113,0.114348,0.50599,0.107494,0.105778,2.54841e-05,9.91398,8467.67,2200.23,50.0029,16.5001,19.0865
1,6,0.0238665,4875.49,28.9766,1.14511,1.89419,15.6422,13.326,0.128944,0.620279,0.0898969,0.0992101,1.86694e-05,21.5381,15428.9,2200.24,50.0015,16.5001,19.3043
2,6,0.00139133,3371.59,18.5625,0.133502,2.37017,909.547,2.6094,0.128911,0.427091,0.0898817,0.101261,2.31026e-05,11.033,33065.4,2200.24,50.0019,16.4998,17.7309
3,6,0.000610392,1341.96,24.153,69.2583,1.58433,99.9564,12.7807,0.128942,0.459367,0.0898903,0.113377,2.72417e-05,7.27431,12031.3,2200.24,50.0006,16.5,20.3903
4,6,0.0621224,44810.2,36.6733,936.444,0.722536,26.3665,3.5418,0.128954,0.196043,0.0898958,0.095811,0.000989518,15.2127,21462,2200.25,50.0006,16.5002,19.1196
5,6,7.23461e-05,4714.79,10.6684,8.84326,0.66252,55.771,477.153,0.128937,0.300634,0.0898813,0.0984117,2.30698e-06,8.75099,27638.5,2200.23,49.9943,16.5002,18.3902
6,6,0.0252709,5066.77,28.985,1.09068,1.89352,15.379,13.1847,0.12896,0.620169,0.0898875,0.0984948,1.88034e-05,22.0339,21575.9,2200.25,49.9998,16.4999,18.9789
7,6,0.00238425,2032.25,18.5547,0.0909175,2.36939,909.303,2.48915,0.128902,0.426921,0.0898823,0.103698,0.000140994,11.1193,28711.9,2200.24,49.9969,16.5001,17.512
8,6,0.000943917,1307.51,24.1397,69.2074,1.5831,99.7999,12.5548,0.128919,0.458811,0.089902,0.112996,0.000396182,7.93608,12147,2200.24,50.0001,16.4999,19.222
9,6,0.0621453,39856,36.6572,936.444,0.72268,26.434,3.5419,0.128932,0.196062,0.0898855,0.0956429,0.000955593,17.8988,19996.7,2200.24,50.0024,16.5002,18.9324
10,6,0.000306511,5085.01,10.6741,9.13905,0.662431,55.9961,477.492,0.128936,0.300697,0.0898846,0.0997252,3.59506e-07,6.41522,28158.9,2200.24,50.0008,16.5001,18.2341
1,7,0.000147856,2487.65,66.0991,9.17363,4.21901,19.8076,0.72835,0.134183,1.46927,0.106893,0.0859225,1.93035e-06,10.649,62263.6,2200.23,50.0025,16.4999,18.7095
2,7,0.0126406,442.938,114.11,2010.99,1.54364,49.5394,0.379604,0.134237,0.333531,0.106907,0.121776,0.000157063,4.48013,38805.2,2200.24,49.9998,16.5002,22.3104
3,7,0.0102186,1452.94,22.2597,6.11166,1.32465,8.88629,0.00731052,0.13424,0.465599,0.106904,0.0921153,5.66615e-05,6.69044,15485.8,2200.24,49.9997,16.5,19.2486
4,7,0.0333439,1183.99,30.6134,3.347,1.9392,22.1295,0.112965,0.134212,0.67393,0.106894,0.0962694,0.00180126,11.9829,7322.14,2200.24,50.0015,16.5001,19.7081
5,7,0.0072438,892.104,14.2204,2.94292,1.02387,173.754,30.2517,0.13423,0.321316,0.106868,0.0956251,0.000107888,8.3684,8029.53,2200.23,50.0029,16.4998,18.5059
6,7,0.000474466,2832.96,66.1206,8.903,4.22149,19.3508,0.688856,0.13424,1.4705,0.106906,0.0864203,0.000231581,9.88578,53188.2,2200.24,50.002,16.4999,18.7525
7,7,0.0130744,469.887,114.133,2010.96,1.54465,49.688,0.379484,0.134241,0.33371,0.106881,0.121166,3.91774e-06,4.51381,38919.4,2200.23,50.0033,16.4999,22.0482
8,7,0.0175092,1369.61,22.2469,6.32457,1.32356,8.54116,0.00830322,0.13422,0.465484,0.106887,0.0916308,3.87532e-07,7.10058,16150.4,2200.25,49.9977,16.5,19.2188
9,7,0.0342681,1183.19,30.6172,3.62164,1.93912,22.1062,0.110397,0.134238,0.673834,0.106867,0.0956469,0.00202959,12.2066,7384.61,2200.24,50.0007,16.5,19.8413
10,7,0.00763496,909.561,14.2215,2.66553,1.02459,173.958,33.5534,0.13422,0.322789,0.106883,0.0945082,8.36055e-07,10.2155,8129.31,2200.23,50.0035,16.5,18.1825
1,8,0.0018098,944.763,20.2826,368.831,0.548617,9.03509,0.115835,0.11636,0.149391,0.0875074,0.118284,0.000612903,8.84941,4590.51,2200.23,49.9992,16.5,21.3827
2,8,0.000806895,850.432,22.529,5.54424,1.6865,226.425,1.62571,0.116366,0.462606,0.0875787,0.124561,2.11674e-06,5.62484,8211.28,2200.25,50.0015,16.4998,20.9097
3,8,0.00291442,3702.92,13.9261,0.182611,0.867196,86.8358,0.0245113,0.116343,0.268148,0.0875959,0.0981845,0.000224016,10.2437,10259.6,2200.24,50.0008,16.5,18.7731
4,8,0.00127145,2781.39,78.2307,6.95451,5.32969,93.9946,2.21598,0.116364,1.63939,0.087577,0.100752,6.13906e-07,11.7048,32781.7,2200.24,49.9984,16.5,20.8631
5,8,0.00458599,3588.42,19.2317,0.826353,1.14132,31.3085,2.27304,0.116343,0.377059,0.0875883,0.0958535,0.000198876,9.78337,26181.7,2200.24,50.0017,16.5001,18.6388
6,8,0.00122415,1008.39,20.2892,368.499,0.548554,8.97836,0.117367,0.116369,0.149474,0.0875219,0.117126,0.000633016,8.83288,4756.37,2200.24,50.0015,16.4998,21.0434
7,8,4.18116e-05,808.177,22.5365,5.49533,1.68584,226.129,1.73716,0.116347,0.462581,0.0875852,0.122998,0.000201747,5.87641,8592.79,2200.24,50.0015,16.4999,20.698
8,8,0.00430685,3914.84,13.9351,0.120066,0.866851,86.7547,0.0365071,0.116332,0.268211,0.0875842,0.0977944,2.73158e-06,9.53946,10338.9,2200.24,50.0012,16.5001,19.5996
9,8,0.000776016,2606.52,78.225,6.83565,5.32746,93.6885,2.28574,0.116336,1.63955,0.0875732,0.10179,0.000123882,10.8248,35098.4,2200.25,50.0015,16.4999,20.4096
10,8,0.0036497,8329.1,19.2383,0.835906,1.1414,31.3883,2.53387,0.116355,0.377078,0.0875915,0.0959495,0.000107081,7.3719,26296.3,2200.25,49.9964,16.4999,18.8098
1,9,0.0823827,1934.02,22.3745,137.773,1.28548,121.023,51.1165,0.103193,0.421769,0.105905,0.10803,1.4489e-07,10.1862,17509.5,2200.24,50.0027,16.4999,17.8516
2,9,0.00425121,5503.44,21.0473,77.4251,1.79268,445.141,39.2815,0.10321,0.454826,0.105906,0.10167,0.0010346,16.2954,7898.37,2200.24,50.0033,16.5,19.0747
3,9,0.000356961,3212.14,13.9656,7.3996,0.82436,18.9153,512.216,0.103204,0.434912,0.105899,0.104359,2.80632e-05,11.9643,6833.15,2200.24,49.9983,16.5001,19.8959
4,9,0.0624888,811.442,40.0757,12.9713,2.71706,56.5938,2.72598,0.103181,0.901079,0.105899,0.130476,1.46777e-06,6.4235,15175.7,2200.25,50.0003,16.5,20.368
5,9,0.84361,10512.1,22.0138,21.8888,0.721809,613.988,0.00086822,0.103159,0.178769,0.10592,0.0978051,3.08222e-07,36.1093,18531.2,2200.25,49.999,16.4999,17.8578
6,9,0.0823094,1930.62,22.3655,137.657,1.28528,121.099,51.2439,0.103184,0.42172,0.10591,0.108348,5.5846e-06,9.84541,17633.3,2200.23,50.0008,16.5,17.7637
7,9,0.00345586,3606.67,21.0524,77.5326,1.79312,444.555,39.2675,0.103164,0.454903,0.105926,0.101884,0.000831132,19.0797,8621.77,2200.24,50.003,16.4999,18.7336
8,9,0.00015185,3192.21,13.9627,7.29039,0.824643,19.1874,513.348,0.103189,0.435121,0.105927,0.105152,1.97652e-07,10.3243,6973.2,2200.24,50.0006,16.5002,20.2428
9,9,0.06135,814.91,40.0748,12.6915,2.71682,56.6798,2.26751,0.103173,0.899903,0.105906,0.130679,2.06133e-06,6.53744,14551.7,2200.25,50.0022,16.5,20.6779
10,9,0.84361,10512.1,22.0122,21.8458,0.721851,613.309,0.000921954,0.103185,0.178803,0.105932,0.0970148,7.74759e-06,69.4758,18769.5,2200.24,49.999,16.4998,17.8566
